0 1800 0 0.00135407 0 0.00135407 0 0 0 0 0 0 0.0040622 0 0 0 0 0 0 0 0 0 0 0 0 0 0 0 0 0 0 0 0 0 0 0 0 0 0 0 0 0 0 0 0 0 0 0 0 0 0 0 0 0 0 0 0 0 0 0 0 0 0 0 0 0 0 0 0 0 0 0 0 0 0 0 0 0 0 0 0 0 0 0 0 0 0 0 0 0 0 0 0 0 0 0 0 0
2.5e-07 1799.99 1.25757e-08 0.00135405 2.61718e-09 0.00135405 2.92809e-09 6.73514e-09 8.3738e-09 4.2566e-11 -1.8443e-38 -5.74352e-39 0.0040622 -1.26181e-30 -2.82893e-31 1.39033e-31 1.237e-31 -9.58578e-32 -2.88523e-33 -1.39774e-30 2.91786e-31 6.31087e-32 9.50793e-32 -3.6711e-34 6.23791e-35 1.88221e-33 -1.32408e-30 2.39242e-30 1.03938e-33 1.70438e-35 4.94909e-37 -2.29219e-36 8.47338e-32 3.54014e-32 2.83634e-35 6.67331e-37 4.143e-37 1.35169e-33 4.22405e-37 3.56613e-39 9.81046e-40 -5.12728e-40 4.33347e-35 -4.41543e-36 -2.65489e-38 -4.915e-38 -8.23929e-40 6.33476e-39 2.38135e-36 -2.3646e-37 2.26318e-38 3.02935e-36 -1.22428e-35 1.8718e-36 4.60616e-36 1.21417e-36 -4.36942e-37 -1.3436e-36 -3.06847e-37 -3.38676e-39 8.0827e-36 2.52849e-36 -4.65594e-41 8.30256e-43 -3.34493e-41 -1.02005e-39 1.4125e-36 6.56481e-38 9.87373e-37 -1.01651e-36 5.68567e-37 2.12075e-36 1.71794e-36 -4.99784e-36 -3.1737e-36 1.46556e-36 2.63256e-37 -2.34974e-36 3.16068e-38 8.49978e-37 -2.07114e-36 -4.49423e-36 -1.24402e-39 -9.74458e-40 1.30749e-39 1.09358e-38 2.15911e-37 -2.67406e-37 -8.0355e-37 1.6366e-40 3.18116e-40 -1.70385e-36 -7.70008e-38 -6.12113e-37 7.82613e-37 -1.59969e-36 -1.40983e-18 -4.18326e-33
5e-07 1799.98 3.80599e-08 0.001354 9.03855e-09 0.00135402 1.02041e-08 3.02062e-08 1.6739e-08 1.18737e-10 -1.0685e-38 -3.32733e-39 0.0040622 -2.87463e-26 -6.82972e-27 3.36459e-27 3.05934e-27 -2.41813e-27 -7.25001e-29 -3.53804e-26 6.86753e-27 1.52304e-27 2.27342e-27 -1.04762e-29 1.52202e-30 4.65086e-29 -3.20472e-26 5.79054e-26 2.50972e-29 2.9034e-31 9.66923e-35 -5.59295e-36 2.05097e-27 8.56938e-28 6.98161e-31 -3.16797e-33 9.98104e-33 3.27227e-29 1.10346e-32 7.93335e-35 -8.83976e-39 -5.09166e-39 1.0488e-30 -1.01319e-31 1.39433e-36 -1.51186e-37 1.19226e-35 -2.04226e-35 5.36753e-36 -3.51817e-37 -2.26665e-38 4.09273e-36 -3.52472e-35 4.0358e-36 8.45802e-36 3.8683e-38 -1.37774e-36 -2.22032e-36 -1.71478e-36 9.09753e-39 2.31717e-35 6.73903e-36 3.64533e-40 -9.15161e-41 -6.05535e-40 -2.2138e-40 5.5293e-36 1.40115e-37 1.79967e-36 -3.41629e-36 1.1796e-36 2.96559e-36 4.21556e-36 -1.6627e-35 -8.37886e-36 2.51619e-36 -2.40594e-37 -5.94995e-36 4.12919e-38 1.2955e-36 -4.76428e-36 -1.21308e-35 -1.57249e-39 -4.57276e-40 2.05046e-39 1.55383e-38 4.70681e-37 -6.67861e-37 -2.13692e-36 2.74575e-40 4.04955e-40 -3.11727e-36 -1.23184e-37 -1.03348e-36 1.41894e-36 -3.26948e-36 7.49941e-19 -1.01248e-28
7.5e-07 1799.97 9.2513e-08 0.0013539 2.31136e-08 0.00135397 2.61983e-08 9.04623e-08 2.5173e-08 2.2167e-10 -2.40839e-38 -7.5003e-39 0.0040622 2.93651e-21 6.99273e-22 -3.44491e-22 -3.13254e-22 2.47622e-22 7.42231e-24 3.62742e-21 -7.02514e-22 -1.55935e-22 -2.32731e-22 1.0736e-24 -1.55887e-25 -4.76167e-24 3.2809e-21 -5.92791e-21 -2.56911e-24 -2.97074e-26 -9.95209e-30 -8.55051e-32 -2.0997e-22 -8.77255e-23 -7.14642e-26 3.24893e-28 -1.02172e-27 -3.34988e-24 -1.13067e-27 -8.12516e-30 4.96203e-34 -2.1878e-39 -1.07369e-25 1.03718e-26 -1.47302e-31 -3.62349e-33 -1.21515e-30 2.09369e-30 7.58331e-36 -3.01978e-37 -7.06258e-38 4.56171e-36 -4.95557e-35 3.85963e-36 9.0923e-36 8.71629e-37 -2.25872e-36 -2.40272e-36 -2.46552e-36 1.26647e-38 3.46367e-35 9.45192e-36 2.19749e-41 -3.58684e-41 -1.32001e-40 -5.46104e-40 8.77762e-36 1.07827e-37 2.21222e-36 -4.4672e-36 1.04244e-36 3.3537e-36 6.10389e-36 -2.53394e-35 -1.08952e-35 2.63184e-36 -1.57088e-37 -7.57256e-36 4.10092e-38 1.13747e-36 -6.46091e-36 -1.74878e-35 -1.30194e-39 -6.79771e-40 1.588e-39 1.3746e-38 6.67382e-37 -9.09319e-37 -3.19316e-36 2.07551e-40 3.42593e-40 -3.63629e-36 -1.28814e-37 -1.10746e-36 1.62164e-36 -3.95873e-36 3.00124e-18 1.03654e-23
1e-06 1799.97 2.09591e-07 0.00135368 5.34922e-08 0.00135386 6.07324e-08 2.30126e-07 3.38267e-08 3.46687e-10 -3.46589e-38 -1.07938e-38 0.0040622 5.91042e-16 1.40741e-16 -6.93353e-17 -6.30454e-17 4.98393e-17 1.4936e-18 7.29823e-16 -1.41408e-16 -3.13836e-17 -4.68375e-17 2.16203e-19 -3.13819e-20 -9.58244e-19 6.60236e-16 -1.19288e-15 -5.16902e-19 -5.9774e-21 -2.00175e-24 -1.71934e-26 -4.22556e-17 -1.76545e-17 -1.43796e-20 6.53637e-23 -2.05562e-22 -6.74059e-19 -2.27642e-22 -1.6355e-24 9.98394e-29 1.92668e-34 -2.16048e-20 2.08702e-21 -2.96296e-26 -7.28652e-28 -2.44456e-25 4.21135e-25 9.07261e-36 -2.42847e-37 -5.86599e-38 9.47066e-35 7.62504e-35 6.73703e-36 -1.01158e-32 -1.63261e-32 -5.65626e-31 -1.93353e-36 -2.83187e-36 2.70948e-37 -4.83439e-32 1.73611e-35 2.31278e-40 8.21435e-42 6.1236e-40 -3.38695e-39 1.14277e-28 5.12141e-32 3.22874e-30 2.14057e-32 1.2285e-36 7.11674e-36 7.46488e-36 -3.28604e-35 -1.19255e-35 2.16244e-36 -7.83803e-38 -8.06509e-36 3.00335e-38 6.27568e-37 -7.43596e-36 -2.13388e-35 -9.9223e-40 -3.96036e-40 1.6922e-39 1.30178e-38 8.01406e-37 -1.04287e-36 4.50299e-29 1.51149e-40 3.11855e-40 -3.50835e-36 -1.10077e-37 -9.77506e-37 1.53302e-36 -4.00695e-36 1.35322e-17 2.08586e-18
1.25e-06 1799.98 4.61239e-07 0.00135321 1.18851e-07 0.00135363 1.35029e-07 5.40533e-07 4.29908e-08 4.91613e-10 -2.636e-38 -8.20921e-39 0.0040622 5.73662e-16 2.29069e-16 -5.01823e-17 4.26068e-16 -6.37462e-16 -1.34234e-17 2.07781e-15 -4.7705e-16 -2.6259e-17 -2.62973e-16 -1.10263e-17 6.58123e-20 5.22959e-18 2.91778e-16 -1.15173e-15 -3.50985e-19 -5.26195e-20 4.37282e-25 -1.48561e-25 -3.89337e-17 -3.24501e-17 -3.10169e-20 -9.03223e-22 -8.21124e-23 -4.20636e-19 6.91894e-21 4.69074e-24 1.35993e-27 5.68704e-33 -9.13977e-21 1.48285e-21 -2.46893e-26 7.18779e-27 -1.99425e-25 -1.14327e-25 5.96598e-33 3.06141e-33 9.38105e-33 4.02412e-28 8.74693e-28 -8.70613e-30 7.73576e-27 5.53583e-26 -5.06047e-24 3.83788e-30 5.38828e-32 3.32778e-31 6.11575e-26 -1.96227e-29 3.19096e-38 4.9481e-40 -1.42412e-38 1.60391e-38 2.22625e-22 3.27071e-26 4.5023e-24 3.38827e-26 3.97114e-31 1.18625e-29 -4.77386e-31 -3.08409e-30 2.42774e-32 5.05851e-32 4.42976e-33 -3.11514e-36 -2.21201e-37 1.04251e-34 2.82925e-34 -1.65907e-35 -3.36616e-40 6.94352e-40 -4.03197e-39 -6.7194e-41 7.89889e-37 -8.96939e-37 7.02803e-23 2.5992e-34 9.01447e-35 4.86292e-35 -8.69575e-38 -4.57643e-37 8.95979e-37 -7.7677e-36 -5.52915e-17 8.78938e-19
1.5e-06 1800.01 1.00129e-06 0.00135217 2.59229e-07 0.00135313 2.94586e-07 1.2172e-06 5.31886e-08 6.56759e-10 5.32491e-38 1.65839e-38 0.0040622 -2.0856e-14 -1.04331e-15 5.6645e-16 2.23556e-16 -3.14833e-16 -4.94474e-17 1.22753e-14 2.23456e-15 2.54121e-16 2.00146e-16 3.34073e-18 1.54183e-19 8.64695e-18 -4.78311e-15 7.74027e-15 3.64589e-18 -4.02679e-20 1.43067e-23 -1.1481e-25 2.85206e-16 8.81435e-17 7.99662e-20 -2.30003e-21 1.48981e-21 4.79214e-18 -1.80701e-20 8.95912e-24 -2.19823e-28 -1.21198e-33 1.56512e-19 -1.41838e-20 1.98027e-25 1.18317e-26 1.68465e-24 -3.13011e-24 1.07665e-31 5.17421e-32 3.82819e-31 3.60708e-27 5.65613e-27 1.01643e-28 -3.20948e-25 -4.46461e-25 -2.62637e-23 9.62314e-30 5.95818e-31 4.80837e-30 -1.32444e-24 1.73733e-28 1.16572e-37 -1.52677e-40 1.0676e-37 -3.42143e-40 3.43228e-21 6.03423e-25 6.5963e-23 5.68595e-25 -6.75459e-30 8.52049e-29 1.30595e-30 -1.48947e-29 -9.81063e-32 -2.36081e-31 -1.1709e-32 -1.21988e-35 -2.97188e-38 -1.49744e-34 -4.41513e-34 -3.0721e-35 9.93644e-40 2.43899e-40 1.37104e-39 -2.68365e-38 6.79725e-37 -1.05492e-36 9.01453e-22 -1.87084e-34 -3.11258e-34 -3.96506e-35 -8.72531e-38 6.17666e-38 2.23759e-37 -1.01768e-35 2.86653e-17 -1.51287e-17
1.75e-06 1800.1 2.15691e-06 0.00134996 5.60048e-07 0.00135206 6.36391e-07 2.67648e-06 6.52956e-08 8.44837e-10 5.35807e-38 1.66871e-38 0.0040622 -1.4038e-15 -1.89583e-17 -3.807e-17 -8.17365e-17 -8.68388e-17 -6.78944e-17 -8.17097e-15 2.18835e-15 -1.08019e-16 2.02458e-16 1.97217e-18 -2.78719e-20 7.25014e-18 1.99586e-17 3.58059e-15 8.99396e-19 2.97727e-19 1.17561e-23 8.42228e-25 1.31198e-16 1.32393e-16 1.62549e-19 4.12169e-21 -4.55209e-23 8.48658e-19 -1.19099e-20 -1.6413e-28 4.66758e-27 -4.88894e-34 -2.18577e-21 -6.98603e-21 8.43386e-26 2.60768e-27 3.04339e-25 -4.24001e-25 1.16736e-31 1.07219e-31 -6.45686e-34 3.60796e-27 5.78167e-27 -1.22988e-28 -1.34404e-25 7.551e-26 -3.85961e-23 2.14184e-29 4.77343e-31 1.15614e-30 2.12143e-25 -1.44734e-28 2.2559e-37 1.51522e-41 -3.87722e-37 -2.14973e-40 3.07395e-21 1.06468e-24 8.21961e-23 9.12289e-25 3.81817e-29 1.51461e-28 3.55275e-30 -1.31953e-29 3.33546e-31 1.74164e-31 2.16185e-32 1.14373e-35 9.46777e-38 5.37939e-34 1.29478e-33 -5.7317e-37 1.80078e-39 2.49127e-39 2.03204e-41 -1.78602e-39 4.59887e-37 -8.84314e-37 1.51601e-21 2.5958e-33 7.37432e-34 4.45605e-34 -1.02572e-37 7.17215e-37 -6.48464e-37 -4.30851e-35 1.28819e-16 3.74285e-19
2e-06 1800.3 4.61522e-06 0.00134524 1.20189e-06 0.0013498 1.36501e-06 5.79497e-06 8.04436e-08 1.0618e-09 5.35296e-38 1.66712e-38 0.0040622 -2.07851e-18 -9.21973e-19 -2.01822e-17 4.34963e-18 -1.31018e-16 -8.0635e-17 -9.58687e-15 2.19561e-15 -1.49074e-17 1.81546e-16 5.19349e-20 -1.0647e-20 7.10929e-18 -6.01201e-18 3.58336e-15 3.83521e-19 4.09061e-19 2.87009e-23 3.00228e-24 7.0077e-17 1.53971e-16 8.78455e-20 7.20804e-21 1.27349e-23 2.31938e-19 -6.62096e-21 -2.83958e-25 1.0214e-26 4.39818e-33 1.53513e-21 -5.06841e-21 8.50208e-26 1.02218e-26 5.15602e-25 -1.98524e-25 1.08427e-31 1.92308e-32 8.54941e-32 4.20405e-27 5.23945e-27 -6.54758e-29 -3.44537e-25 -2.91716e-25 -3.92603e-23 1.0908e-29 4.38533e-31 -6.57214e-33 2.05054e-25 -1.24048e-28 2.74614e-38 2.73425e-42 6.80084e-38 1.11863e-41 3.07822e-21 1.57143e-25 6.15155e-23 1.41788e-24 1.77998e-29 2.25078e-28 1.89718e-29 3.57736e-29 1.51761e-30 5.72641e-31 1.59154e-32 8.70517e-36 2.21124e-38 6.33411e-34 1.65519e-33 9.02541e-36 3.18805e-39 2.33115e-39 -3.28372e-40 -2.56565e-40 -1.09941e-38 -6.81448e-37 1.40094e-21 8.85049e-34 3.22676e-35 2.41647e-34 2.59206e-37 2.18968e-36 -2.4403e-36 3.17776e-35 6.04531e-16 -1.69082e-20
2.25e-06 1800.75 9.78182e-06 0.0013353 2.55937e-06 0.00134505 2.9024e-06 1.23737e-05 9.92351e-08 1.31136e-09 5.28845e-38 1.64703e-38 0.0040622 -1.32064e-15 3.6881e-18 8.24623e-19 2.36212e-17 -1.31093e-16 -9.02686e-17 -8.35399e-15 2.32932e-15 1.37959e-18 1.53655e-16 -4.70444e-19 4.37746e-22 6.98064e-18 -3.91244e-17 3.5947e-15 4.04027e-19 5.06858e-19 6.97547e-23 7.92266e-24 4.80327e-17 1.63806e-16 6.02019e-20 8.96128e-21 3.01151e-23 1.39868e-19 -5.03129e-21 -3.07578e-26 2.40774e-26 1.25515e-32 4.16027e-21 -1.27128e-21 1.06774e-25 4.43874e-26 1.308e-24 -9.33174e-26 1.40508e-31 2.02761e-32 2.57468e-31 4.23691e-27 3.13493e-27 -1.33763e-28 -6.37296e-25 -9.04621e-25 -3.33903e-23 5.08111e-30 3.8531e-31 -8.8628e-33 3.34012e-26 -9.13259e-29 3.23477e-38 6.74177e-42 1.71384e-37 3.78067e-40 2.99499e-21 2.63201e-25 6.1271e-23 2.03315e-24 3.51974e-29 5.07863e-28 4.00012e-29 1.26056e-28 3.90338e-30 1.72889e-30 8.0153e-32 1.01914e-35 7.92983e-39 1.8474e-33 6.24581e-33 3.7243e-35 8.3322e-39 7.95057e-39 -8.48536e-40 1.80072e-40 -9.16851e-37 -3.86789e-37 1.32793e-21 1.92278e-33 1.52741e-34 3.64534e-34 8.99289e-37 5.97409e-36 -6.97305e-36 2.61623e-34 2.89363e-15 -1.23395e-19
2.5e-06 1801.69 2.03767e-05 0.00131485 5.38009e-06 0.00133525 6.07878e-06 2.59278e-05 1.19893e-07 1.59367e-09 7.04291e-38 2.19344e-38 0.0040622 -1.27346e-14 3.52025e-15 -1.7074e-15 -1.49961e-15 1.1112e-15 -5.91205e-17 3.17714e-14 1.27475e-15 -7.44857e-16 -1.00964e-15 5.22831e-18 -7.29916e-19 -1.62294e-17 1.55767e-14 -2.45285e-14 -1.11628e-17 5.17835e-19 1.19142e-22 1.76294e-23 -9.60996e-16 -2.54905e-16 -2.68419e-19 1.20553e-20 -4.62799e-21 -1.55431e-17 -9.25146e-21 -3.77307e-23 5.57485e-26 3.64207e-32 -4.97539e-19 5.47809e-20 -5.01852e-25 1.47924e-25 -2.01459e-24 9.95e-24 5.01599e-31 1.60341e-31 1.26862e-30 9.16109e-27 7.63824e-27 -4.75463e-28 -1.58573e-24 -2.63425e-24 -6.2262e-23 1.80398e-29 1.28407e-30 7.16373e-30 -2.22082e-24 1.91399e-28 2.42085e-37 -1.6939e-40 5.55321e-37 5.34237e-40 7.48486e-21 1.66447e-24 1.74918e-22 4.10236e-24 1.15787e-28 1.43117e-27 6.79837e-29 2.94339e-28 8.60487e-30 3.87529e-30 3.3108e-31 4.73509e-35 4.38296e-38 1.04068e-32 3.74395e-32 2.00214e-34 4.46901e-38 6.50318e-38 -1.58387e-39 3.88626e-38 -2.40111e-36 1.34725e-37 2.19041e-21 6.03198e-33 5.86183e-34 1.54406e-33 2.27856e-36 1.63527e-35 -1.94785e-35 8.29076e-34 1.42157e-14 4.9057e-17
2.75e-06 1803.58 4.10883e-05 0.00127464 1.10448e-05 0.0013159 1.23772e-05 5.2626e-05 1.37761e-07 1.95386e-09 1.19821e-37 3.73166e-38 0.0040622 1.10675e-13 2.79669e-15 -1.52461e-15 -1.35003e-15 1.03138e-15 -2.54288e-17 -5.27071e-14 -1.06232e-14 -4.67745e-16 -1.76002e-15 5.05376e-18 -7.33768e-19 -3.2015e-17 1.41372e-14 -3.57565e-14 -1.54464e-17 -1.17499e-18 -4.22267e-22 -2.3676e-23 -1.22277e-15 -6.85722e-16 -6.53843e-19 -8.67415e-22 -4.39676e-21 -1.7208e-17 -5.85865e-21 -3.99579e-23 -1.06671e-25 -7.00809e-32 -4.79506e-19 3.55075e-20 -1.00634e-24 -3.26479e-25 -1.45625e-23 7.27957e-24 1.16479e-28 7.46718e-30 2.31537e-28 9.54629e-25 -7.39565e-26 -2.36067e-25 -2.22473e-22 -3.88553e-22 -6.46612e-21 5.05435e-27 6.55912e-29 -1.73913e-28 1.17138e-22 -3.18691e-26 3.77856e-35 -5.14344e-39 2.12109e-34 1.36997e-38 1.81191e-20 -2.00797e-23 -4.88265e-22 3.71198e-22 2.28812e-26 2.15966e-25 5.09088e-27 2.52782e-26 9.08696e-28 5.81267e-28 3.58562e-29 2.16189e-32 4.26283e-34 1.01691e-30 2.72506e-30 3.74106e-32 9.30241e-36 1.05505e-35 2.07784e-37 1.42433e-35 -3.84766e-36 1.92368e-36 -2.05339e-19 1.78334e-30 4.93786e-31 3.86443e-31 -4.05611e-35 4.68124e-35 -6.17728e-35 1.3478e-32 7.1366e-14 4.33503e-17
3e-06 1807.06 7.82489e-05 0.00120168 2.17538e-05 0.00128045 2.39785e-05 0.000101191 1.4986e-07 2.66076e-09 1.15678e-37 3.60263e-38 0.0040622 6.58011e-14 7.61131e-16 -5.36809e-16 -3.70261e-16 -1.24853e-16 -5.4048e-17 2.82518e-15 -1.66506e-14 -8.97521e-17 -1.45358e-15 -1.501e-18 -4.25328e-19 -2.63463e-17 4.12357e-15 -2.82857e-14 -1.49916e-17 -3.93328e-18 -2.12968e-21 -1.38546e-22 -7.42118e-16 -7.46373e-16 -6.62256e-19 -1.98328e-20 -2.6034e-21 -9.68547e-18 -1.73812e-20 -2.30602e-23 -5.40885e-25 -4.58529e-31 -2.50123e-19 -9.78339e-20 -2.02444e-24 -3.25005e-24 -6.67212e-23 -3.62901e-23 7.03251e-29 2.5732e-30 1.33367e-29 -5.64381e-26 -9.51883e-25 -3.78533e-25 -2.27613e-22 -4.43691e-22 -2.68596e-21 3.00683e-27 3.95171e-29 1.03852e-28 -8.68931e-24 -4.8162e-26 6.23359e-36 -3.3881e-40 2.56099e-35 1.65481e-39 3.61724e-20 6.39169e-24 5.88164e-22 2.2863e-22 2.32739e-26 1.8908e-25 4.05058e-27 4.30306e-26 1.02392e-27 5.82108e-28 1.01445e-28 2.23119e-32 3.89998e-34 5.57665e-30 2.10649e-29 8.79779e-32 7.2155e-35 1.24131e-34 7.30383e-37 6.69251e-35 2.12201e-35 3.16623e-36 -1.06697e-19 1.59705e-30 4.38845e-31 1.20689e-30 -1.13655e-35 9.87769e-35 -1.21658e-34 1.03377e-31 3.51478e-13 1.19383e-17
3.25e-06 1812.72 0.000136458 0.00108504 4.01814e-05 0.00122271 4.29896e-05 0.000179224 1.58039e-07 4.36913e-09 1.25302e-37 3.90235e-38 0.0040622 -5.84372e-15 2.58883e-15 -1.49561e-15 -1.04129e-15 -1.84482e-17 -1.13013e-16 8.18978e-14 -1.77359e-14 -6.2534e-16 -1.7848e-15 -5.89159e-19 -7.30047e-19 -2.7875e-17 9.47416e-15 -3.62822e-14 -2.01399e-17 -5.62389e-18 -3.83911e-21 -2.5654e-22 -1.07474e-15 -8.35687e-16 -6.77544e-19 -3.00981e-20 -4.79101e-21 -1.56363e-17 -3.88033e-20 -3.85554e-23 -8.1318e-25 -8.57525e-31 -4.70022e-19 -2.06296e-19 -4.01374e-24 -8.0947e-24 -1.50575e-22 -1.19948e-22 -2.35711e-28 -5.16558e-29 -2.86154e-28 -5.71866e-25 -7.9364e-25 -3.33592e-25 -1.25389e-22 -2.56549e-22 -7.03635e-22 1.59891e-27 -4.95423e-29 5.94906e-30 -3.41633e-23 -5.6153e-26 -7.19284e-35 -5.32881e-39 -1.50162e-34 -7.43293e-39 2.39012e-20 2.11176e-23 1.28641e-21 1.23438e-22 1.71364e-26 1.06566e-25 1.48714e-27 3.1193e-26 5.87567e-28 3.46537e-28 9.31807e-29 1.4009e-32 5.40002e-34 7.00876e-30 2.85546e-29 7.75368e-32 1.55891e-34 2.81394e-34 1.10718e-36 9.0796e-35 4.15723e-35 1.89442e-36 -4.60459e-20 1.17998e-30 5.32407e-31 1.9432e-30 1.25207e-35 1.71827e-34 -2.01482e-34 1.31849e-31 1.54767e-12 2.86742e-17
3.5e-06 1820.62 0.000212354 0.000927376 6.81659e-05 0.00114222 6.95384e-05 0.000285654 1.63994e-07 7.75725e-09 -4.40426e-37 -1.37165e-37 0.0040622 -1.5078e-14 -3.61003e-15 1.43687e-15 1.06264e-15 -1.85657e-15 -1.8814e-16 5.9126e-14 -1.45212e-14 4.43851e-16 -1.30063e-16 -1.55877e-17 -1.61992e-19 -4.95626e-18 -9.91622e-15 -3.91713e-15 -1.52265e-17 -6.06733e-18 -4.7574e-21 -2.97462e-22 2.38686e-16 -2.43212e-16 -3.86197e-19 -3.56084e-20 -3.2306e-21 -3.23105e-18 -2.84354e-20 -3.09148e-23 -7.95745e-25 -1.03567e-30 -4.43011e-20 -3.36663e-19 -6.28027e-24 -1.15942e-23 -2.23296e-22 -2.07442e-22 -3.48321e-28 -8.16195e-29 -2.91243e-28 -4.13622e-25 -3.59727e-25 -1.68356e-25 -4.415e-23 -9.25324e-23 -1.23965e-22 1.02945e-27 -1.17076e-28 -1.91825e-30 -1.85731e-23 -3.8746e-26 -1.01794e-34 -1.05804e-38 -1.37273e-34 -9.45328e-39 1.21886e-20 1.44138e-23 9.13072e-22 6.31232e-23 1.05115e-26 5.57451e-26 4.76155e-28 1.5442e-26 2.38117e-28 1.37866e-28 5.18256e-29 4.83977e-33 4.16812e-34 4.38464e-30 1.92633e-29 2.96019e-32 1.48849e-34 2.80009e-34 5.96632e-37 3.87639e-35 2.62822e-35 1.24036e-36 -1.40172e-20 7.69495e-31 4.34344e-31 2.08664e-30 3.95626e-35 3.39915e-34 -4.02383e-34 1.08855e-31 5.45856e-12 -2.93825e-17
3.75e-06 1830.17 0.000292524 0.000750796 0.000105008 0.00104786 0.000100253 0.000406786 1.66537e-07 1.27066e-08 -1.06218e-36 -3.30806e-37 0.0040622 -1.6125e-15 -3.14342e-16 -8.28629e-18 1.1888e-17 -6.47927e-16 -1.71504e-16 3.10938e-14 -1.48723e-14 -1.88099e-16 -3.37677e-16 -6.19478e-18 -1.97251e-19 -3.26074e-18 -8.05516e-16 -5.91456e-15 -7.07973e-18 -3.64456e-18 -3.07478e-21 -1.96876e-22 -1.37384e-16 -1.34768e-16 -1.79238e-19 -2.59358e-20 -2.24667e-21 -4.51988e-18 -2.0575e-20 -2.59289e-23 -4.0712e-25 -6.12074e-31 -1.10796e-19 -2.34257e-19 -5.90421e-24 -8.81361e-24 -1.69495e-22 -1.73785e-22 -1.99321e-28 -5.47696e-29 -1.39505e-28 -1.58163e-25 -1.07769e-25 -5.44507e-26 -1.10986e-23 -2.35419e-23 -1.52198e-23 6.7208e-28 -9.80684e-29 -2.07233e-30 -6.09058e-24 -1.70734e-26 -5.62861e-35 7.41782e-40 -5.16551e-35 -3.59987e-39 5.34415e-21 7.29876e-24 4.4618e-22 2.69159e-23 4.96398e-27 2.41362e-26 1.42613e-28 5.68662e-27 7.72155e-29 4.44085e-29 2.00113e-29 1.79156e-33 2.02089e-34 1.69706e-30 7.96399e-30 9.00786e-33 7.65542e-35 1.48147e-34 2.0136e-37 6.07918e-36 9.47844e-36 -1.6412e-36 -2.70051e-21 3.70126e-31 2.46666e-31 1.71226e-30 6.15479e-35 4.64381e-34 -5.40275e-34 7.17869e-32 1.43976e-11 -1.86253e-18
4e-06 1840.57 0.000361153 0.000585393 0.000146969 0.000954012 0.000129559 0.000523217 1.64666e-07 1.81135e-08 -5.8692e-37 -1.8279e-37 0.0040622 -1.41167e-16 -6.08528e-17 -6.23433e-17 -3.48821e-17 -2.58672e-16 -1.07935e-16 2.19099e-14 -1.48164e-14 -9.047e-17 -2.4895e-16 -3.03854e-18 -1.28235e-19 -2.66172e-18 -6.35098e-17 -3.33764e-15 -3.82744e-18 -1.80524e-18 -1.57261e-21 -9.62981e-23 -9.66108e-17 -7.15499e-17 -9.20493e-20 -1.53748e-20 -1.41991e-21 -3.06152e-18 -7.448e-21 -1.95788e-23 -1.66969e-25 -2.91898e-31 -7.391e-20 -1.33991e-19 -4.66486e-24 -4.81038e-24 -9.51964e-23 -1.02902e-22 -6.85285e-29 -2.14495e-29 -4.27934e-29 -4.10284e-26 -2.40025e-26 -1.26797e-26 -2.17829e-24 -4.65025e-24 -8.58555e-25 3.70638e-28 -4.96402e-29 -1.19993e-30 -1.47663e-24 -5.36351e-27 -1.89352e-35 5.80739e-38 -1.23014e-35 5.03138e-39 2.04541e-21 2.97447e-24 1.75828e-22 9.61865e-24 1.86425e-27 8.64771e-27 4.01613e-29 1.70671e-27 2.14526e-29 1.27825e-29 6.06653e-30 7.08854e-34 5.99498e-35 5.70262e-31 2.34411e-30 4.07973e-33 3.08626e-35 5.15438e-35 1.36578e-37 7.76612e-36 2.79688e-36 -1.66876e-37 -9.39372e-23 1.35728e-31 9.88481e-32 9.46356e-31 6.21885e-35 3.91595e-34 -4.22936e-34 3.5644e-32 2.83528e-11 -1.45777e-19
4.25e-06 1851.34 0.000409622 0.000451766 0.000188766 0.000872536 0.000153087 0.000620843 1.5947e-07 2.27189e-08 2.74949e-37 8.56293e-38 0.0040622 -3.1216e-17 -2.93271e-17 -3.22717e-17 -2.18955e-17 -1.01715e-16 -5.56234e-17 1.72326e-14 -1.45681e-14 -4.39039e-17 -1.29917e-16 -1.43174e-18 -7.21563e-20 -1.66193e-18 -1.09327e-17 -1.54537e-15 -1.82416e-18 -7.72157e-19 -6.73819e-22 -3.85691e-23 -4.99681e-17 -3.43307e-17 -4.28616e-20 -7.85171e-21 -7.35819e-22 -1.60628e-18 -2.53694e-21 -1.2444e-23 -5.91048e-26 -1.11964e-31 -3.79134e-20 -6.55998e-20 -3.1556e-24 -2.09644e-24 -4.32877e-23 -4.89933e-23 -1.66996e-29 -5.77068e-30 -9.55633e-30 -8.10978e-27 -4.30329e-27 -2.32558e-27 -3.52453e-25 -7.56365e-25 2.48822e-25 2.06731e-28 -1.82821e-29 -4.79484e-31 -2.88422e-25 -1.32455e-27 -4.29031e-36 -9.74908e-38 -9.29052e-37 -2.20238e-39 7.0019e-22 1.03427e-24 6.01245e-23 2.99339e-24 5.87994e-28 2.65535e-27 1.04347e-29 4.44938e-28 5.30423e-30 3.21605e-30 1.56381e-30 2.00257e-34 1.92538e-35 1.49694e-31 5.76029e-31 1.19898e-33 8.8854e-36 1.36625e-35 4.43143e-38 2.45205e-36 6.35712e-37 -1.8517e-38 1.85534e-22 4.12547e-32 3.21959e-32 4.40918e-31 5.87473e-35 3.33334e-34 -3.47378e-34 1.66348e-32 4.37776e-11 -2.66579e-20
4.5e-06 1862.33 0.000438239 0.000354987 0.000225873 0.000808614 0.000169631 0.000695042 1.52901e-07 2.59047e-08 -7.91082e-38 -2.46383e-38 0.0040622 -1.4002e-17 -1.41828e-17 -1.42627e-17 -1.09514e-17 -3.82201e-17 -2.51959e-17 1.46943e-14 -1.4207e-14 -2.01576e-17 -5.85498e-17 -6.20937e-19 -3.56923e-20 -8.59795e-19 -4.03568e-18 -6.38577e-16 -7.63141e-19 -2.9651e-19 -2.54923e-22 -1.35308e-23 -2.28029e-17 -1.51253e-17 -1.78085e-20 -3.58983e-21 -3.21615e-22 -7.1428e-19 -8.41441e-22 -6.63329e-24 -1.92035e-26 -3.79398e-32 -1.65225e-20 -2.86636e-20 -1.81267e-24 -7.85746e-25 -1.69965e-23 -2.02999e-23 -3.19116e-30 -1.19835e-30 -1.71375e-30 -1.31853e-27 -6.45655e-28 -3.53621e-28 -4.7055e-26 -1.01923e-25 1.31702e-25 1.11131e-28 -5.47499e-30 -1.50486e-31 -4.61212e-26 -2.75472e-28 -7.83565e-37 -4.41588e-38 1.02185e-36 -5.36919e-39 2.20135e-22 3.21661e-25 1.86596e-23 8.48137e-25 1.6478e-28 7.32617e-28 2.62629e-30 1.06099e-28 1.22406e-30 7.48243e-31 3.64451e-31 4.7795e-35 5.04353e-36 3.43484e-32 1.26243e-31 2.80584e-34 2.11368e-36 3.04665e-36 1.12425e-38 5.5339e-37 1.23713e-37 -3.38872e-39 1.05451e-22 1.09642e-32 8.87013e-33 1.74341e-31 4.99931e-35 2.60876e-34 -2.66227e-34 7.34099e-33 5.67163e-11 -1.07492e-20
4.75e-06 1873.46 0.000451953 0.000289892 0.000255854 0.00076182 0.000180387 0.000747903 1.4641e-07 2.77532e-08 -8.14244e-38 -2.53597e-38 0.0040622 -6.48806e-18 -6.14111e-18 -5.77803e-18 -4.77177e-18 -1.38246e-17 -1.04506e-17 1.3312e-14 -1.37837e-14 -8.44683e-18 -2.40764e-17 -2.50853e-19 -1.58171e-20 -3.88502e-19 -1.70905e-18 -2.42952e-16 -2.89574e-19 -1.05412e-19 -8.84209e-23 -4.34592e-24 -9.4406e-18 -6.21916e-18 -6.77103e-21 -1.51336e-21 -1.24687e-22 -2.82598e-19 -2.74522e-22 -3.04973e-24 -5.91929e-27 -1.19394e-32 -6.42547e-21 -1.15564e-20 -9.82746e-25 -2.6593e-25 -6.04364e-24 -7.69422e-24 -5.11364e-31 -2.06203e-31 -2.60967e-31 -1.83015e-28 -7.99046e-29 -4.45138e-29 -4.50112e-27 -1.00644e-26 4.31286e-26 6.25136e-29 -1.43171e-30 -4.03919e-32 -5.42656e-27 -5.04916e-29 -2.66495e-37 -2.77558e-38 2.4085e-36 -2.68551e-39 6.50818e-23 9.27161e-26 5.42008e-24 2.26124e-25 4.27769e-29 1.88349e-28 6.59228e-31 2.40157e-29 2.73516e-31 1.67333e-31 8.00887e-32 9.93607e-36 1.21714e-36 6.97306e-33 2.61009e-32 6.10502e-35 4.1985e-37 6.07541e-37 2.3391e-39 1.08675e-37 2.12778e-38 -3.34415e-39 4.12177e-23 2.72065e-33 2.28254e-33 6.92891e-32 4.32076e-35 2.21159e-34 -2.28958e-34 3.50965e-33 6.56162e-11 -4.96918e-21
5e-06 1884.68 0.000456204 0.000248109 0.000278289 0.000729053 0.000187286 0.000784113 1.40671e-07 2.86669e-08 4.24271e-36 1.32135e-36 0.0040622 -2.72095e-18 -2.42312e-18 -2.18812e-18 -1.87912e-18 -4.86687e-18 -4.07313e-18 1.24764e-14 -1.33319e-14 -3.26839e-18 -9.25309e-18 -9.59098e-20 -6.41202e-21 -1.58376e-19 -6.84381e-19 -8.70292e-17 -1.02446e-19 -3.54842e-20 -2.88887e-23 -1.31733e-24 -3.62059e-18 -2.41973e-18 -2.41382e-21 -6.00919e-22 -4.45898e-23 -1.02937e-19 -8.88042e-23 -1.24887e-24 -1.764e-27 -3.61715e-33 -2.30938e-21 -4.40021e-21 -5.42364e-25 -8.40475e-26 -2.01282e-24 -2.75419e-24 -7.14892e-32 -3.06909e-32 -3.45762e-32 -2.14806e-29 -6.8551e-30 -4.04554e-30 2.47336e-29 -7.87398e-29 1.22066e-26 3.81527e-29 -3.4283e-31 -9.80628e-33 -1.14349e-28 -8.37728e-30 -7.33164e-37 -5.45511e-39 5.256e-36 2.89877e-38 1.84349e-23 2.5405e-26 1.50577e-24 5.80001e-26 1.0576e-29 4.62693e-29 1.59255e-31 5.28887e-30 6.03324e-32 3.59828e-32 1.70617e-32 8.55265e-37 3.84564e-37 1.21913e-33 5.30127e-33 1.52346e-35 6.72505e-38 1.02957e-37 -6.06192e-39 4.18298e-38 -2.58029e-38 2.94622e-38 1.38133e-23 6.61096e-34 5.82088e-34 3.04506e-32 3.96394e-35 2.11084e-34 -2.27631e-34 2.01624e-33 7.0998e-11 -2.11699e-21
5.25e-06 1895.9 0.000455107 0.000222025 0.000294029 0.000706704 0.000191951 0.000808415 1.35833e-07 2.90439e-08 5.12625e-36 1.59651e-36 0.0040622 -1.04306e-18 -8.91679e-19 -7.86905e-19 -6.87924e-19 -1.68099e-18 -1.51694e-18 1.18719e-14 -1.28703e-14 -1.18003e-18 -3.37711e-18 -3.51545e-20 -2.42352e-21 -5.96572e-20 -2.5682e-19 -2.98561e-17 -3.44999e-20 -1.14908e-20 -9.05848e-24 -3.84408e-25 -1.31e-18 -9.00851e-19 -8.22212e-22 -2.28121e-22 -1.51181e-23 -3.53803e-20 -2.85994e-23 -4.67805e-25 -5.13854e-28 -1.05888e-33 -7.86713e-22 -1.60687e-21 -2.91754e-25 -2.53814e-26 -6.42144e-25 -9.49494e-25 -8.83452e-33 -4.02731e-33 -3.93415e-33 -1.88366e-30 1.70381e-31 4.8278e-33 1.74078e-28 3.35587e-28 3.22882e-27 2.36298e-29 -7.73448e-32 -2.22751e-33 2.04525e-28 -1.26304e-30 -7.31514e-37 3.0908e-39 5.09935e-36 5.71461e-39 5.07213e-24 6.73569e-27 4.06186e-25 1.45221e-26 2.53345e-30 1.10469e-29 3.61897e-32 1.14957e-30 1.32656e-32 7.55632e-33 3.58206e-33 1.11548e-36 1.17032e-37 1.72543e-34 1.07768e-33 2.89834e-36 1.10938e-38 3.03837e-38 1.80269e-39 -4.24323e-39 3.5197e-39 -4.41803e-38 4.25315e-24 1.54176e-34 1.39364e-34 1.36883e-32 3.57208e-35 1.95005e-34 -2.15412e-34 1.28827e-33 7.40245e-11 -8.25239e-22
5.5e-06 1907.08 0.000451265 0.00020599 0.000304439 0.000691654 0.00019543 0.000824634 1.31802e-07 2.91547e-08 6.60879e-36 2.05823e-36 0.0040622 -3.73824e-19 -3.12068e-19 -2.72182e-19 -2.39159e-19 -5.7225e-19 -5.45699e-19 1.13592e-14 -1.24081e-14 -3.94276e-19 -1.18486e-18 -1.24735e-20 -8.67557e-22 -2.11487e-20 -9.18386e-20 -9.93071e-18 -1.12198e-20 -3.61906e-21 -2.76089e-24 -1.09537e-25 -4.5395e-19 -3.23755e-19 -2.71264e-22 -8.36514e-23 -4.94925e-24 -1.16712e-20 -9.17597e-24 -1.63857e-25 -1.47342e-28 -2.99929e-34 -2.58409e-22 -5.68384e-22 -1.44808e-25 -7.44631e-27 -1.99093e-25 -3.18556e-25 -9.50206e-34 -4.59835e-34 -3.40925e-34 -2.10449e-32 2.86261e-31 1.32745e-31 6.60708e-29 1.31591e-28 8.23355e-28 1.40176e-29 -1.67108e-32 -4.81496e-34 9.25504e-29 -1.68893e-31 -5.71839e-37 1.17477e-38 3.92079e-36 6.30979e-39 1.36846e-24 1.74794e-27 1.07469e-25 3.58314e-27 5.97177e-31 2.59362e-30 8.47357e-33 2.49178e-31 2.94388e-33 1.65734e-33 7.49506e-34 1.30095e-36 5.06686e-38 5.26294e-36 2.26022e-34 1.43166e-36 4.28975e-39 5.85634e-39 -4.13569e-40 3.071e-39 -4.0791e-39 -7.05331e-39 1.24198e-24 3.36434e-35 3.0089e-35 5.91759e-33 3.05476e-35 1.68345e-34 -1.88509e-34 8.59898e-34 7.56818e-11 -3.00707e-22
5.75e-06 1918.15 0.000446142 0.0001962 0.000310913 0.000681525 0.000198304 0.00083555 1.2841e-07 2.91482e-08 8.25562e-36 2.57112e-36 0.0040622 -1.27649e-19 -1.05344e-19 -9.14709e-20 -8.01748e-20 -1.92441e-19 -1.90978e-19 1.08838e-14 -1.19498e-14 -1.13738e-19 -4.03398e-19 -4.31505e-21 -2.97885e-22 -7.15876e-21 -3.17427e-20 -3.23073e-18 -3.56063e-21 -1.11691e-21 -8.24726e-25 -3.07311e-26 -1.52402e-19 -1.13083e-19 -8.74819e-23 -2.98447e-23 -1.58249e-24 -3.74069e-21 -2.93085e-24 -5.45685e-26 -4.17531e-29 -8.28429e-35 -8.27902e-23 -1.96031e-22 -6.63562e-26 -2.14371e-27 -6.05251e-26 -1.04712e-25 -8.06242e-35 -4.32496e-35 -6.4048e-36 4.62356e-32 9.89694e-32 4.80782e-32 1.91833e-29 3.85494e-29 2.05586e-28 7.90367e-30 -3.47814e-33 -9.8698e-35 3.01738e-29 -1.8195e-32 -4.40496e-37 1.49562e-38 3.02273e-36 5.82134e-39 3.64364e-25 4.4742e-28 2.80753e-26 8.76403e-28 1.39348e-31 6.02881e-31 1.96419e-33 5.40927e-32 6.63007e-34 3.73881e-34 1.56742e-34 1.34788e-36 3.5835e-38 -2.0232e-35 5.54914e-35 1.10426e-36 3.37985e-39 -3.40287e-40 -1.17724e-39 5.82507e-39 -6.16805e-39 9.51164e-39 3.50033e-25 7.24739e-36 6.38394e-36 2.50735e-33 2.52923e-35 1.41094e-34 -1.60141e-34 6.06419e-34 7.65959e-11 -1.04563e-22
6e-06 1929.09 0.000440504 0.000190227 0.000314632 0.000674632 0.000200863 0.000843064 1.25497e-07 2.9094e-08 6.94441e-36 2.16275e-36 0.0040622 -4.21135e-20 -3.46528e-20 -3.00916e-20 -2.6196e-20 -6.40028e-20 -6.53309e-20 1.04259e-14 -1.14977e-14 -1.78904e-20 -1.34212e-19 -1.46305e-21 -9.90813e-23 -2.33977e-21 -1.07124e-20 -1.03417e-18 -1.11037e-21 -3.39507e-22 -2.42782e-25 -8.53379e-27 -4.99947e-20 -3.85894e-20 -2.77497e-23 -1.04125e-23 -4.97781e-25 -1.17463e-21 -9.30886e-25 -1.74987e-26 -1.17248e-29 -2.20712e-35 -2.60638e-23 -6.6217e-23 -2.80006e-26 -6.09638e-28 -1.81412e-26 -3.38466e-26 -3.58723e-36 -3.37118e-36 7.19839e-36 1.63705e-32 2.69653e-32 1.32683e-32 5.02594e-30 1.01327e-29 5.07e-29 4.206e-30 -6.90433e-34 -1.80186e-35 8.68376e-30 -8.72893e-34 -3.07943e-37 5.70907e-38 2.28695e-36 1.21069e-38 9.61353e-26 1.13507e-28 7.27224e-27 2.13267e-28 3.2353e-32 1.39407e-31 4.45587e-34 1.17867e-32 1.51606e-34 8.46536e-35 3.29766e-35 2.54111e-36 -5.07115e-38 -2.11368e-35 1.97332e-35 1.55326e-37 1.47692e-38 1.10458e-40 1.61147e-39 1.9755e-41 2.37734e-40 8.33117e-40 9.62381e-26 1.56812e-36 1.43962e-36 1.07857e-33 2.05604e-35 1.17061e-34 -1.34896e-34 4.52814e-34 7.71155e-11 -3.51987e-23
6.25e-06 1939.87 0.000434722 0.000186563 0.0003165 0.000669827 0.000203244 0.00084843 1.2293e-07 2.902e-08 5.98757e-36 1.86475e-36 0.0040622 -1.35575e-20 -1.11871e-20 -9.7424e-21 -8.40282e-21 -2.10649e-20 -2.19166e-20 9.9793e-15 -1.10529e-14 1.32675e-20 -4.38561e-20 -4.88061e-22 -3.21666e-23 -7.4471e-22 -3.55328e-21 -3.27039e-19 -3.41841e-22 -1.02005e-22 -7.06885e-26 -2.35299e-27 -1.61228e-20 -1.29183e-20 -8.69289e-24 -3.56555e-24 -1.54735e-25 -3.63448e-22 -2.93728e-25 -5.45463e-27 -3.26887e-30 -5.32582e-36 -8.10128e-24 -2.19758e-23 -1.08433e-26 -1.71987e-28 -5.37965e-27 -1.07828e-26 -3.34493e-37 -1.19613e-36 2.86582e-36 4.30254e-33 6.69659e-33 3.30878e-33 1.25237e-30 2.52773e-30 1.24104e-29 2.09957e-30 -1.19746e-34 -1.67556e-36 2.34439e-30 3.02408e-34 -2.40349e-37 4.91506e-38 1.81771e-36 1.16106e-38 2.52e-26 2.86239e-29 1.87252e-27 5.1741e-29 7.49345e-33 3.21388e-32 9.61842e-35 2.5799e-33 3.58109e-35 1.79457e-35 6.7852e-36 2.05701e-36 -4.01543e-38 -1.91013e-35 1.1539e-35 6.19802e-38 1.15949e-38 -2.94453e-40 1.16379e-39 -1.28947e-40 3.53384e-40 1.28275e-39 2.59933e-26 3.48312e-37 4.0878e-37 5.03872e-34 1.66196e-35 9.75026e-35 -1.14296e-34 3.57185e-34 7.74216e-11 -1.15827e-23
6.5e-06 1950.47 0.000428969 0.000184284 0.000317164 0.000666353 0.00020551 0.000852454 1.20614e-07 2.89354e-08 5.25005e-36 1.63506e-36 0.0040622 -4.28794e-21 -3.56158e-21 -3.1157e-21 -2.65889e-21 -6.86382e-21 -7.22666e-21 9.54214e-15 -1.06163e-14 2.24802e-20 -1.41209e-20 -1.60633e-22 -1.025e-23 -2.32303e-22 -1.16337e-21 -1.02442e-19 -1.04208e-22 -3.03669e-23 -2.04066e-26 -6.45503e-28 -5.13285e-21 -4.25599e-21 -2.69655e-24 -1.20156e-24 -4.76642e-26 -1.11229e-22 -9.20166e-26 -1.66467e-27 -9.06035e-31 -8.3908e-37 -2.49368e-24 -7.18221e-24 -3.83408e-27 -4.82638e-29 -1.58191e-27 -3.39082e-27 -1.00202e-36 -1.38098e-36 1.02557e-36 1.01456e-33 1.5902e-33 7.86797e-34 3.03738e-31 6.13167e-31 3.02392e-30 9.76546e-31 -7.4625e-36 1.36242e-36 6.09763e-31 1.39565e-34 -1.90505e-37 4.09936e-38 1.46088e-36 1.05519e-38 6.57329e-27 7.18771e-30 4.80018e-28 1.25295e-29 1.7374e-33 7.40121e-33 1.71112e-35 5.6746e-34 9.24282e-36 2.47009e-36 1.21829e-36 1.5979e-36 -2.99175e-38 -1.6886e-35 8.9722e-36 6.40537e-38 8.80011e-39 -4.09929e-40 9.00158e-40 -1.08774e-40 1.31759e-40 1.89354e-39 6.92945e-27 8.38549e-38 1.7773e-37 2.77421e-34 1.34654e-35 8.18377e-35 -9.76085e-35 2.93617e-34 7.76052e-11 -3.74928e-24
6.75e-06 1960.9 0.000423317 0.00018283 0.000317061 0.000663721 0.000207688 0.000855646 1.18484e-07 2.88423e-08 4.65279e-36 1.44905e-36 0.0040622 -1.33849e-21 -1.12177e-21 -9.86742e-22 -8.32589e-22 -2.21498e-21 -2.34606e-21 9.11427e-15 -1.01886e-14 2.44431e-20 -4.48557e-21 -5.22636e-23 -3.21907e-24 -7.13561e-23 -3.76984e-22 -3.18416e-20 -3.15185e-23 -8.97297e-24 -5.85073e-27 -1.7641e-28 -1.61772e-21 -1.38339e-21 -8.29769e-25 -3.99286e-25 -1.45748e-26 -3.37536e-23 -2.86094e-26 -4.99999e-28 -2.49904e-31 2.81253e-37 -7.61648e-25 -2.3157e-24 -1.23158e-27 -1.34961e-29 -4.6198e-28 -1.05379e-27 -1.1584e-36 -1.38807e-36 4.76173e-37 2.25275e-34 3.68334e-34 1.82778e-34 7.2547e-32 1.46414e-31 7.34636e-31 4.20474e-31 1.26311e-35 1.74623e-36 1.54935e-31 3.8597e-35 -1.53501e-37 3.3679e-38 1.18397e-36 9.35242e-39 1.70786e-27 1.79912e-30 1.22617e-28 3.03018e-30 4.05543e-34 1.70462e-33 2.24364e-37 1.25492e-34 3.06456e-36 -1.05639e-36 2.53289e-38 1.21918e-36 -2.24386e-38 -1.49682e-35 7.69453e-36 8.53459e-38 6.58275e-39 -3.72089e-40 7.38168e-40 -1.06096e-40 -6.88633e-41 2.14469e-39 1.82925e-27 2.49678e-38 1.12439e-37 1.86109e-34 1.09896e-35 6.92293e-35 -8.39298e-35 2.47922e-34 7.77124e-11 -1.19869e-24
7e-06 1971.13 0.000417795 0.000181862 0.000316481 0.000661622 0.000209793 0.000858323 1.16493e-07 2.87405e-08 4.14511e-36 1.29094e-36 0.0040622 -4.13622e-22 -3.50281e-22 -3.09985e-22 -2.58529e-22 -7.08137e-22 -7.50821e-22 8.69594e-15 -9.77038e-15 2.40799e-20 -1.40239e-21 -1.68333e-23 -9.99192e-25 -2.16581e-23 -1.21113e-22 -9.8323e-21 -9.4707e-24 -2.63488e-24 -1.66794e-27 -4.80675e-29 -5.05707e-22 -4.44524e-22 -2.53586e-25 -1.31038e-25 -4.42886e-27 -1.01738e-23 -8.82711e-27 -1.48356e-28 -6.86445e-32 4.94817e-37 -2.31127e-25 -7.37616e-25 -3.57438e-28 -3.76474e-30 -1.34136e-28 -3.23969e-28 -1.07499e-36 -1.2856e-36 3.02937e-37 4.63674e-35 8.35677e-35 4.20788e-35 1.71744e-32 3.46446e-32 1.78109e-31 1.66473e-31 1.48245e-35 1.63513e-36 3.87716e-32 6.77949e-36 -1.24734e-37 2.73964e-38 9.62438e-37 8.15705e-39 4.42248e-28 4.49161e-31 3.12267e-29 7.32075e-31 9.67132e-35 3.93258e-34 -2.64821e-36 2.79293e-35 1.5907e-36 -1.77736e-36 -2.28383e-37 9.20474e-37 -1.71199e-38 -1.33089e-35 6.77503e-36 1.0508e-37 4.88325e-39 -2.66543e-40 6.36949e-40 -1.36332e-40 -1.88179e-40 2.09845e-39 4.79254e-28 1.08413e-38 8.38906e-38 1.44841e-34 9.04787e-36 5.88908e-35 -7.24591e-35 2.12429e-34 7.77671e-11 -3.79506e-25
7.25e-06 1981.18 0.000412411 0.000181179 0.000315607 0.000659863 0.000211833 0.00086068 1.14613e-07 2.863e-08 3.69866e-36 1.1519e-36 0.0040622 -1.26788e-22 -1.0859e-22 -9.67066e-23 -7.97114e-23 -2.24364e-22 -2.37121e-22 8.28755e-15 -9.36201e-15 2.30091e-20 -4.2652e-22 -5.37208e-24 -3.0703e-25 -6.51181e-24 -3.86203e-23 -3.01858e-21 -2.82966e-24 -7.69589e-25 -4.73203e-28 -1.30656e-29 -1.56999e-22 -1.4143e-22 -7.70309e-26 -4.25196e-26 -1.33836e-27 -3.04928e-24 -2.70278e-27 -4.35881e-29 -1.87884e-32 4.7572e-37 -6.97439e-26 -2.32381e-25 -9.32142e-29 -1.04835e-30 -3.87524e-29 -9.86129e-29 -9.3941e-37 -1.1574e-36 2.32796e-37 7.24479e-36 1.81508e-35 9.71236e-36 4.04438e-33 8.15381e-33 4.31148e-32 6.01944e-32 1.37835e-35 1.45152e-36 9.60443e-33 -1.39321e-36 -1.01632e-37 2.20923e-38 7.81764e-37 7.02362e-39 1.14178e-28 1.11885e-31 7.93084e-30 1.76701e-31 2.45117e-35 9.12223e-35 -2.56152e-36 6.24543e-36 1.2094e-36 -1.83867e-36 -2.74834e-37 6.89484e-37 -1.33125e-38 -1.18322e-35 5.99463e-36 1.18595e-37 3.59868e-39 -1.48342e-40 5.67335e-40 -1.7848e-40 -2.44298e-40 1.89948e-39 1.24813e-28 6.72497e-39 6.55211e-38 1.21591e-34 7.50692e-36 5.02342e-35 -6.26276e-35 1.83153e-34 7.77824e-11 -1.19183e-25
7.5e-06 1991.04 0.000407166 0.000180658 0.000314554 0.000658324 0.000213812 0.000862835 1.12824e-07 2.85106e-08 3.29871e-36 1.02734e-36 0.0040622 -3.86023e-23 -3.34525e-23 -2.99836e-23 -2.4426e-23 -7.04726e-23 -7.39618e-23 7.88949e-15 -8.96396e-15 2.17542e-20 -1.20965e-22 -1.69941e-24 -9.33875e-26 -1.94287e-24 -1.2233e-23 -9.21892e-22 -8.41173e-25 -2.23725e-25 -1.33684e-28 -3.54429e-30 -4.84474e-23 -4.46088e-23 -2.32717e-26 -1.36539e-26 -4.02395e-28 -9.09485e-25 -8.21379e-28 -1.2691e-29 -5.12649e-33 4.06131e-37 -2.094e-26 -7.24786e-26 -2.17296e-29 -2.91549e-31 -1.11465e-29 -2.97423e-29 -8.0418e-37 -1.02919e-36 1.94854e-37 -8.50121e-37 3.27234e-36 2.26526e-36 9.49209e-34 1.91261e-33 1.04233e-32 1.97551e-32 1.22955e-35 1.27269e-36 2.36406e-33 -3.12135e-36 -8.27369e-38 1.76675e-38 6.33017e-37 5.98155e-39 2.93975e-29 2.78138e-32 2.00913e-30 4.26119e-32 7.20311e-36 2.15181e-35 -1.9979e-36 1.36265e-36 1.08109e-36 -1.74425e-36 -2.72503e-37 5.12944e-37 -1.05364e-38 -1.04896e-35 5.29359e-36 1.25909e-37 2.63632e-39 -4.36888e-41 5.12801e-40 -2.16177e-40 -2.62101e-40 1.64858e-39 3.23472e-29 5.00038e-39 5.15061e-38 1.05017e-34 6.2622e-36 4.28625e-35 -5.40688e-35 1.58076e-34 7.77658e-11 -3.7169e-26
7.75e-06 2000.72 0.000402055 0.000180228 0.000313395 0.000656932 0.000215734 0.00086486 1.11113e-07 2.83827e-08 2.9377e-36 9.14902e-37 0.0040622 -1.16839e-23 -1.02473e-23 -9.24389e-24 -7.4434e-24 -2.19511e-23 -2.28016e-23 7.5021e-15 -8.57656e-15 2.04823e-20 -2.66102e-23 -5.32662e-25 -2.80102e-26 -5.75942e-25 -3.85106e-24 -2.80196e-22 -2.489e-25 -6.47646e-26 -3.76256e-29 -9.59818e-31 -1.48691e-23 -1.39627e-23 -6.99517e-27 -4.34229e-27 -1.20411e-28 -2.70095e-25 -2.47797e-28 -3.65367e-30 -1.39491e-33 3.33688e-37 -6.2582e-27 -2.2398e-26 -4.50894e-30 -8.09967e-32 -3.19347e-30 -8.89461e-30 -6.81236e-37 -9.07749e-37 1.69601e-37 -2.19146e-36 -6.33567e-38 5.17662e-37 2.22133e-34 4.47381e-34 2.51697e-33 5.86586e-33 1.08519e-35 1.11019e-36 5.806e-34 -3.26135e-36 -6.71479e-38 1.40171e-38 5.1016e-37 5.04494e-39 7.54947e-30 6.90133e-33 5.07745e-31 1.02667e-32 2.75112e-36 5.33517e-36 -1.47561e-36 2.27116e-37 1.00857e-36 -1.61228e-36 -2.57029e-37 3.7922e-37 -8.47035e-39 -9.2552e-36 4.65223e-36 1.28112e-37 1.92083e-39 3.85832e-41 4.65393e-40 -2.42636e-40 -2.58799e-40 1.39855e-39 8.34897e-30 3.95389e-39 4.028e-38 9.13245e-35 5.23881e-36 3.65151e-35 -4.65511e-35 1.36166e-34 7.77223e-11 -1.15199e-26
8e-06 2010.22 0.000397074 0.000179846 0.000312171 0.000655642 0.000217603 0.000866799 1.09471e-07 2.82468e-08 2.61141e-36 8.13284e-37 0.0040622 -3.51774e-24 -3.12264e-24 -2.8349e-24 -2.25663e-24 -6.7822e-24 -6.95218e-24 7.12567e-15 -8.20013e-15 1.92454e-20 1.78263e-24 -1.65013e-25 -8.16468e-27 -1.69774e-25 -1.20543e-24 -8.47784e-23 -7.33325e-26 -1.86763e-26 -1.05538e-29 -2.59542e-31 -4.54078e-24 -4.34049e-24 -2.09276e-27 -1.36843e-27 -3.58687e-29 -7.98975e-26 -7.4223e-29 -1.02958e-30 -3.78608e-34 2.69652e-37 -1.86236e-27 -6.86286e-27 -8.3129e-31 -2.24822e-32 -9.11643e-31 -2.63911e-30 -5.72519e-37 -7.94893e-37 1.50567e-37 -2.11075e-36 -7.7839e-37 8.24474e-38 5.17167e-35 1.04143e-34 6.07112e-34 1.59028e-33 9.52238e-36 9.64142e-37 1.43456e-34 -3.03787e-36 -5.42511e-38 1.1037e-38 4.08755e-37 4.21765e-39 1.934e-30 1.70934e-33 1.28019e-31 2.47143e-33 1.39846e-36 1.50988e-36 -1.07311e-36 -5.88629e-38 9.45182e-37 -1.47102e-36 -2.37273e-37 2.78699e-37 -6.90316e-39 -8.11651e-36 4.0629e-36 1.26394e-37 1.39255e-39 9.79582e-41 4.21716e-40 -2.56866e-40 -2.44653e-40 1.17234e-39 2.14728e-30 3.17756e-39 3.12074e-38 7.9297e-35 4.38529e-36 3.10165e-35 -3.9922e-35 1.16857e-34 7.76551e-11 -3.55018e-27
8.25e-06 2019.55 0.000392217 0.000179488 0.00031091 0.000654426 0.00021942 0.000868677 1.07892e-07 2.81035e-08 2.31716e-36 7.21643e-37 0.0040622 -1.05393e-24 -9.46902e-25 -8.65067e-25 -6.80843e-25 -2.07869e-24 -2.09758e-24 6.76043e-15 -7.83489e-15 1.80589e-20 9.76545e-24 -5.00891e-26 -2.1957e-27 -4.97891e-26 -3.75288e-25 -2.55422e-23 -2.15186e-26 -5.36665e-27 -2.95104e-30 -7.00909e-32 -1.38023e-24 -1.34095e-24 -6.23313e-28 -4.27542e-28 -1.06384e-29 -2.35495e-26 -2.20734e-29 -2.73845e-31 -1.0253e-34 2.15668e-37 -5.51989e-28 -2.08622e-27 -1.36692e-31 -6.23525e-33 -2.59386e-31 -7.77329e-31 -4.77525e-37 -6.91078e-37 1.3509e-37 -1.77019e-36 -9.01655e-37 -4.05006e-38 1.18445e-35 2.38726e-35 1.46267e-34 4.16267e-34 8.30785e-36 8.33132e-37 3.64748e-35 -2.74265e-36 -4.35918e-38 8.62851e-39 3.25319e-37 3.49717e-39 4.94278e-31 4.22655e-34 3.22053e-32 5.94447e-34 8.555e-37 5.57117e-37 -7.78059e-37 -1.42998e-37 8.80275e-37 -1.32824e-36 -2.15987e-37 2.03667e-37 -5.69403e-39 -7.06763e-36 3.52228e-36 1.21802e-37 1.00496e-39 1.37289e-40 3.80551e-40 -2.60451e-40 -2.25466e-40 9.77277e-40 5.50521e-31 2.55922e-39 2.38966e-38 6.85345e-35 3.66633e-36 2.62409e-35 -3.40728e-35 9.98007e-35 7.75666e-11 -1.08834e-27
8.5e-06 2028.71 0.00038748 0.00017914 0.000309628 0.000653269 0.000221189 0.00087051 1.0637e-07 2.79534e-08 2.05284e-36 6.39321e-37 0.0040622 -3.14288e-25 -2.85777e-25 -2.62696e-25 -2.04453e-25 -6.31659e-25 -6.26557e-25 6.40657e-15 -7.48103e-15 1.69266e-20 1.1513e-23 -1.44757e-26 -4.26528e-28 -1.45272e-26 -1.16244e-25 -7.6643e-24 -6.29035e-27 -1.537e-27 -8.22771e-31 -1.89064e-32 -4.17704e-25 -4.1193e-25 -1.84866e-28 -1.32483e-28 -3.14199e-30 -6.91787e-27 -6.51392e-30 -5.90791e-32 -2.77092e-35 1.70987e-37 -1.62983e-28 -6.29523e-28 -2.03947e-32 -1.72789e-33 -7.35743e-32 -2.27399e-31 -3.95131e-37 -5.96294e-37 1.21874e-37 -1.42046e-36 -8.91276e-37 -8.17682e-38 2.5418e-36 5.14897e-36 3.51792e-35 1.26957e-34 7.20174e-36 7.15823e-37 1.01392e-35 -2.44342e-36 -3.48106e-38 6.70066e-39 2.56995e-37 2.87723e-39 1.26039e-31 1.04337e-34 8.08419e-33 1.42901e-34 5.67132e-37 2.85563e-37 -5.65254e-37 -1.72462e-37 8.1211e-37 -1.1871e-36 -1.94362e-37 1.48043e-37 -4.74693e-39 -6.10576e-36 3.02867e-36 1.15195e-37 7.22282e-40 1.60419e-40 3.41621e-40 -2.55781e-40 -2.04442e-40 8.13306e-40 1.4074e-31 2.05693e-39 1.80479e-38 5.88791e-35 3.05698e-36 2.20921e-35 -2.8919e-35 8.47491e-35 7.74587e-11 -3.31995e-28
8.75e-06 2037.71 0.000382858 0.000178795 0.000308333 0.000652158 0.000222911 0.000872307 1.04903e-07 2.77971e-08 1.8165e-36 5.65717e-37 0.0040622 -9.32808e-26 -8.58293e-26 -7.93773e-26 -6.10997e-26 -1.8986e-25 -1.85344e-25 6.06422e-15 -7.13868e-15 1.58486e-20 1.14024e-23 -3.56709e-27 8.05455e-29 -4.21299e-27 -3.58314e-26 -2.29093e-24 -1.83215e-27 -4.38815e-28 -2.28769e-31 -5.09443e-33 -1.25886e-25 -1.25883e-25 -5.46082e-29 -4.07296e-29 -9.24157e-31 -2.02581e-27 -1.90304e-30 6.12243e-35 -7.47555e-36 1.34383e-37 -4.79494e-29 -1.88654e-28 -2.89281e-33 -4.78425e-34 -2.08085e-32 -6.60998e-32 -3.24106e-37 -5.10346e-37 1.10208e-37 -1.11275e-36 -8.49277e-37 -9.68303e-38 3.90087e-37 8.17135e-37 8.42669e-36 5.94236e-35 6.19855e-36 6.11081e-37 3.47287e-36 -2.15629e-36 -2.76108e-38 5.17171e-39 2.01376e-37 2.34943e-39 3.20691e-32 2.57184e-35 2.02504e-33 3.43637e-35 3.85998e-37 1.85053e-37 -4.12576e-37 -1.82387e-37 7.41305e-37 -1.04979e-36 -1.73079e-37 1.07083e-37 -3.9947e-39 -5.22925e-36 2.5809e-36 1.07259e-37 5.17224e-40 1.71126e-40 3.05003e-40 -2.4522e-40 -1.83315e-40 6.77255e-40 3.58851e-32 1.64744e-39 1.34134e-38 5.02406e-35 2.53881e-36 1.84923e-35 -2.43898e-35 7.15023e-35 7.73327e-11 -1.00801e-28
9e-06 2046.55 0.000378346 0.000178446 0.000307033 0.000651088 0.000224587 0.000874074 1.03487e-07 2.76353e-08 1.60625e-36 5.00236e-37 0.0040622 -2.75334e-26 -2.56292e-26 -2.38455e-26 -1.81541e-26 -5.59975e-26 -5.42871e-26 5.73347e-15 -6.80792e-15 1.48238e-20 1.07738e-23 -2.96494e-28 2.11776e-28 -1.2097e-27 -1.09936e-26 -6.82258e-25 -5.31796e-28 -1.24911e-28 -6.34444e-32 -1.37136e-33 -3.77889e-26 -3.82831e-26 -1.60688e-29 -1.24268e-29 -2.7073e-31 -5.91479e-28 -5.46097e-31 1.48379e-32 -2.01464e-36 1.04644e-37 -1.4058e-29 -5.61707e-29 -4.28507e-34 -1.32349e-34 -5.86895e-33 -1.90993e-32 -2.63262e-37 -4.32954e-37 9.96553e-38 -8.54232e-37 -7.97769e-37 -1.00731e-37 -9.07768e-38 -1.5225e-37 1.98968e-36 4.08938e-35 5.29385e-36 5.17922e-37 1.62509e-36 -1.88577e-36 -2.17416e-38 3.96959e-39 1.56408e-37 1.90424e-39 8.14252e-33 6.33167e-36 5.0624e-34 8.29078e-36 2.64157e-37 1.34062e-37 -3.03103e-37 -1.82454e-37 6.69128e-37 -9.18123e-37 -1.52581e-37 7.71239e-38 -3.38942e-39 -4.43657e-36 2.17787e-36 9.85365e-38 3.6916e-40 1.72705e-40 2.7085e-40 -2.30791e-40 -1.62997e-40 5.64992e-40 9.12726e-33 1.31403e-39 9.78332e-39 4.25473e-35 2.09766e-36 1.53763e-35 -2.04239e-35 5.98885e-35 7.719e-11 -3.04698e-29
9.25e-06 2055.24 0.00037394 0.000178094 0.000305731 0.000650054 0.000226219 0.000875814 1.02119e-07 2.74685e-08 2.97622e-36 9.26895e-37 0.0040622 -8.05736e-27 -7.58337e-27 -7.09967e-27 -5.34498e-27 -1.57762e-26 -1.57198e-26 5.41435e-15 -6.4888e-15 1.38506e-20 1.00323e-23 6.32268e-28 2.32901e-28 -3.39359e-28 -3.3581e-27 -2.02466e-25 -1.5385e-28 -3.54556e-29 -1.75519e-32 -3.68596e-34 -1.13008e-26 -1.159e-26 -4.71092e-30 -3.76365e-30 -7.89965e-32 -1.72214e-28 -1.49923e-31 1.72036e-32 -5.24511e-37 2.236e-37 -4.10798e-30 -1.66232e-29 -8.63076e-35 -3.65602e-35 -1.65089e-33 -5.48786e-33 -5.95686e-37 -9.44266e-37 -7.60533e-38 -8.20803e-37 -5.33112e-37 -4.62604e-37 -3.8933e-37 -7.70933e-37 2.25291e-37 4.49393e-35 1.50943e-35 8.91466e-37 1.64392e-36 -5.61794e-36 -8.05955e-38 -1.53113e-38 3.88262e-37 -1.05456e-38 2.06267e-33 1.52845e-36 1.26103e-34 2.25839e-36 -7.73566e-37 -8.99107e-38 7.76573e-38 -1.1494e-36 2.96009e-36 -2.86975e-36 -3.47748e-37 -2.83991e-37 6.61226e-39 -8.9135e-36 4.44415e-36 8.31244e-37 -2.89068e-39 -3.79307e-39 -1.44885e-39 5.01228e-39 -4.70667e-39 1.39106e-38 2.31568e-33 3.00645e-39 2.8378e-38 5.21409e-35 2.40855e-36 1.84855e-35 -2.48269e-35 7.31251e-35 7.70319e-11 -9.17123e-30
9.5e-06 2063.78 0.000369637 0.000177736 0.000304429 0.000649054 0.00022781 0.00087753 1.00798e-07 2.72972e-08 5.68518e-36 1.77057e-36 0.0040622 -2.3126e-27 -2.19821e-27 -2.07351e-27 -1.5423e-27 -3.82834e-27 -4.47397e-27 5.10685e-15 -6.18131e-15 1.29274e-20 9.29724e-24 8.51341e-28 2.23067e-28 -8.87104e-29 -1.02141e-27 -5.98809e-26 -4.43694e-29 -1.00368e-29 -4.84499e-33 -9.84909e-35 -3.36728e-27 -3.49392e-27 -1.37629e-30 -1.13178e-30 -2.29623e-32 -5.00092e-29 -3.56085e-32 1.62732e-32 -9.49769e-38 4.39002e-37 -1.19665e-30 -4.89137e-30 -2.06183e-35 -1.00688e-35 -4.63428e-34 -1.56855e-33 -8.91099e-37 -1.9599e-36 -1.22218e-37 -9.62422e-37 2.4837e-37 2.75671e-37 -1.33378e-38 -4.03277e-37 2.6364e-37 5.41248e-35 4.08579e-35 1.67323e-36 3.25493e-37 -1.48616e-35 -2.22465e-37 4.36238e-38 8.45929e-37 2.49337e-38 5.2154e-34 3.75403e-37 3.14994e-35 1.42445e-36 1.97239e-36 1.25402e-36 -1.98659e-36 -4.12499e-36 9.34205e-36 -7.47055e-36 -5.93672e-37 7.2793e-37 2.69843e-38 -1.73113e-35 8.11314e-36 2.6411e-36 5.48317e-39 -5.28477e-39 -2.98661e-39 1.13597e-38 -9.143e-39 2.64424e-38 5.85922e-34 6.82268e-39 6.45009e-38 6.70827e-35 2.9253e-36 2.33608e-35 -3.1779e-35 9.49732e-35 7.6859e-11 -2.74901e-30
9.75e-06 2072.17 0.000365432 0.000177371 0.00030313 0.000648084 0.000229359 0.000879223 9.95202e-08 2.71219e-08 8.17497e-36 2.54599e-36 0.0040622 -6.26499e-28 -5.99385e-28 -5.73383e-28 -4.19998e-28 -3.55823e-28 -1.22647e-27 4.81095e-15 -5.8854e-15 1.20526e-20 8.60143e-24 8.60165e-28 2.0561e-28 -1.73483e-29 -3.09413e-28 -1.76529e-26 -1.27575e-29 -2.83386e-30 -1.3344e-33 -2.60234e-35 -9.99878e-28 -1.04907e-27 -4.00701e-31 -3.37982e-31 -6.64889e-33 -1.44864e-29 -3.41063e-33 1.46098e-32 7.41196e-39 3.64522e-37 -3.47528e-31 -1.43154e-30 -4.09146e-36 -2.75483e-36 -1.29826e-34 -4.4612e-34 -7.01208e-37 -1.72312e-36 1.52193e-37 -2.11137e-37 8.06135e-37 3.16381e-37 1.14596e-37 -2.47196e-37 1.34957e-37 4.90603e-35 4.0187e-35 1.59445e-36 1.4032e-37 -1.42455e-35 -1.84803e-37 3.20778e-38 6.99698e-37 1.85386e-38 1.31611e-34 9.02716e-38 7.92469e-36 1.01692e-36 1.38697e-36 1.0558e-36 -1.69627e-36 -3.94969e-36 8.82066e-36 -6.87942e-36 -6.19584e-37 5.563e-37 3.1682e-38 -1.57103e-35 7.19486e-36 2.49834e-36 3.73593e-39 -4.91876e-39 -2.69593e-39 1.03153e-38 -8.29374e-39 2.45318e-38 1.47744e-34 5.77487e-39 5.25188e-38 6.17506e-35 2.64164e-36 2.11422e-35 -2.90222e-35 8.76802e-35 7.66722e-11 -8.20933e-31
1e-05 2080.42 0.000361322 0.000177001 0.000301833 0.000647143 0.000230869 0.000880894 9.8285e-08 2.69433e-08 1.04489e-35 3.25418e-36 0.0040622 -1.34993e-28 -1.28535e-28 -1.29594e-28 -9.21192e-29 5.97019e-28 -3.00212e-28 4.52654e-15 -5.601e-15 1.12244e-20 7.95171e-24 8.1031e-28 1.87278e-28 2.3867e-30 -9.33655e-29 -5.18792e-27 -3.65759e-30 -7.98135e-31 -3.66817e-34 -6.6281e-36 -2.95919e-28 -3.138e-28 -1.16283e-31 -1.00245e-31 -1.91809e-33 -4.18653e-30 5.06142e-33 1.29173e-32 3.12789e-38 2.981e-37 -1.00637e-31 -4.16831e-31 -2.18974e-37 -7.39059e-37 -3.63331e-35 -1.26298e-34 -5.5837e-37 -1.45922e-36 2.03958e-37 6.07123e-38 8.78681e-37 2.11862e-37 1.28013e-37 -1.96906e-37 9.29523e-38 4.19175e-35 3.54509e-35 1.39657e-36 8.0615e-38 -1.26013e-35 -1.52184e-37 2.23883e-38 5.71718e-37 1.30787e-38 3.30656e-35 1.68613e-38 2.02995e-36 7.98021e-37 8.55849e-37 8.23223e-37 -1.34653e-36 -3.52986e-36 7.87027e-36 -6.03032e-36 -5.67591e-37 3.81457e-37 3.12051e-38 -1.3599e-35 6.17734e-36 2.22364e-36 2.40404e-39 -4.50395e-39 -2.4419e-39 9.09454e-39 -7.34152e-39 2.19057e-38 3.69753e-35 4.75843e-39 4.23171e-38 5.34877e-35 2.25043e-36 1.80634e-35 -2.49478e-35 7.56809e-35 7.64725e-11 -2.44245e-31
1.025e-05 2088.54 0.000357303 0.000176625 0.00030054 0.00064623 0.00023234 0.000882544 9.70903e-08 2.67615e-08 1.25149e-35 3.8976e-36 0.0040622 6.30292e-30 7.73301e-30 -8.69814e-31 1.37729e-30 8.09889e-28 -4.17344e-29 4.25353e-15 -5.32798e-15 1.04411e-20 7.34742e-24 7.47231e-28 1.69922e-28 7.35456e-30 -2.80679e-29 -1.52012e-27 -1.04576e-30 -2.24251e-31 -1.00704e-34 -1.47577e-36 -8.73005e-29 -9.35276e-29 -3.36404e-32 -2.953e-32 -5.51364e-34 -1.20722e-30 6.7807e-33 1.13709e-32 3.4677e-38 2.41938e-37 -2.90618e-32 -1.20788e-31 5.82897e-37 -1.85541e-37 -1.01848e-35 -3.5604e-35 -4.5292e-37 -1.23292e-36 2.02027e-37 1.40212e-37 7.93272e-37 1.16401e-37 1.13463e-37 -1.76275e-37 6.96365e-38 3.52242e-35 3.05074e-35 1.19861e-36 -4.89192e-38 -1.09787e-35 -1.24592e-37 1.487e-38 4.63823e-37 8.7901e-39 8.1716e-36 -2.62178e-39 5.48215e-37 6.55493e-37 4.70667e-37 6.38542e-37 -1.06083e-36 -3.11041e-36 6.94954e-36 -5.23005e-36 -5.0643e-37 2.47797e-37 3.00081e-38 -1.16466e-35 5.25285e-36 1.96092e-36 1.45452e-39 -4.08266e-39 -2.20391e-39 7.97501e-39 -6.46473e-39 1.94149e-38 9.03231e-36 3.88105e-39 3.38218e-38 4.55593e-35 1.88709e-36 1.52008e-35 -2.10961e-35 6.40754e-35 7.62608e-11 -7.24087e-32
1.05e-05 2096.53 0.000353373 0.000176244 0.000299252 0.000645343 0.000233775 0.000884174 9.59345e-08 2.65772e-08 1.43848e-35 4.47998e-36 0.0040622 4.54289e-29 4.52387e-29 3.43881e-29 2.61435e-29 8.10959e-28 2.65337e-29 3.99176e-15 -5.06621e-15 9.70085e-21 6.78588e-24 6.84222e-28 1.53962e-28 8.15563e-30 -8.40769e-30 -4.44139e-28 -2.98212e-31 -6.28639e-32 -2.76533e-35 -1.38572e-37 -2.56765e-29 -2.77805e-29 -9.70308e-33 -8.63669e-33 -1.57978e-34 -3.47379e-31 6.64509e-33 9.99905e-33 3.2926e-38 1.94734e-37 -8.37022e-33 -3.48431e-32 6.65938e-37 -3.50614e-38 -2.88231e-36 -1.00009e-35 -3.66092e-37 -1.03587e-36 1.9046e-37 1.63656e-37 6.73139e-37 4.86046e-38 9.52767e-38 -1.56675e-37 5.50381e-38 2.9348e-35 2.5986e-35 1.01883e-36 -1.84079e-37 -9.48954e-36 -1.01351e-37 9.27001e-39 3.73354e-37 5.58644e-39 1.87914e-36 -8.0205e-39 1.70205e-37 5.46166e-37 2.04555e-37 4.97196e-37 -8.34508e-37 -2.71568e-36 6.09121e-36 -4.49583e-36 -4.45877e-37 1.51091e-37 2.86286e-38 -9.88876e-36 4.4233e-36 1.72033e-36 8.1633e-40 -3.67365e-39 -1.98401e-39 6.97097e-39 -5.66903e-39 1.71286e-38 2.0054e-36 3.14291e-39 2.67827e-38 3.84487e-35 1.56932e-36 1.2682e-35 -1.76781e-35 5.37123e-35 7.60376e-11 -2.13918e-32
1.075e-05 2104.38 0.000349528 0.000175858 0.000297969 0.000644482 0.000235173 0.000885784 9.4816e-08 2.63905e-08 1.60738e-35 5.006e-36 0.0040622 5.49699e-29 5.38033e-29 4.21593e-29 3.09831e-29 7.55672e-28 4.14021e-29 3.74107e-15 -4.81552e-15 9.00206e-21 6.26405e-24 6.24909e-28 1.39413e-28 7.82379e-30 -2.50987e-30 -1.29411e-28 -8.48257e-32 -1.75848e-32 -7.62579e-36 1.81701e-37 -7.52982e-30 -8.22481e-30 -2.7908e-33 -2.50454e-33 -4.51521e-35 -9.97607e-32 6.05368e-33 8.79216e-33 3.01155e-38 1.55288e-37 -2.40464e-33 -1.00082e-32 5.9101e-37 4.56086e-39 -8.4391e-37 -2.80329e-36 -2.9231e-37 -8.63084e-37 1.77414e-37 1.67772e-37 5.52024e-37 6.06604e-39 7.89994e-38 -1.32336e-37 4.66544e-38 2.42551e-35 2.19561e-35 8.58766e-37 -2.87855e-37 -8.13837e-36 -8.18578e-38 5.30169e-39 2.97907e-37 3.33818e-39 2.88552e-37 -9.43822e-39 7.01725e-38 4.56309e-37 3.11733e-38 3.90464e-37 -6.56654e-37 -2.34859e-36 5.29724e-36 -3.82724e-36 -3.87863e-37 8.45521e-38 2.71848e-38 -8.31758e-36 3.68427e-36 1.50158e-36 4.23084e-40 -3.28973e-39 -1.7846e-39 6.08039e-39 -4.95347e-39 1.50604e-38 2.53896e-37 2.52704e-39 2.099e-38 3.21606e-35 1.29452e-36 1.04895e-35 -1.46838e-35 4.46196e-35 7.58038e-11 -6.29779e-33
1.1e-05 2112.11 0.000345765 0.000175466 0.000296692 0.000643644 0.000236536 0.000887376 9.37335e-08 2.6202e-08 1.75986e-35 5.48087e-36 0.0040622 5.60774e-29 5.40145e-29 4.20058e-29 3.02097e-29 6.89147e-28 4.17262e-29 3.50125e-15 -4.57571e-15 8.34297e-21 5.77898e-24 5.70054e-28 1.2618e-28 7.22062e-30 -7.46778e-31 -3.76079e-29 -2.40709e-32 -4.90949e-33 -2.13283e-36 2.34802e-37 -2.20199e-30 -2.42748e-30 -8.00578e-34 -7.1707e-34 -1.28998e-35 -2.85952e-32 5.39793e-33 7.7323e-33 2.73186e-38 1.22531e-37 -6.89153e-34 -2.86346e-33 4.90948e-37 1.3834e-38 -2.74388e-37 -7.87574e-37 -2.29678e-37 -7.11849e-37 1.64245e-37 1.62303e-37 4.40224e-37 -1.65556e-38 6.54464e-38 -1.03872e-37 4.27219e-38 1.98602e-35 1.83932e-35 7.17282e-37 -3.51575e-37 -6.9184e-36 -6.55767e-38 2.6654e-39 2.35354e-37 1.88835e-39 -1.08005e-37 -9.54341e-39 4.1466e-38 3.80789e-37 -7.22767e-38 3.10467e-37 -5.17442e-37 -2.00957e-36 4.56669e-36 -3.22252e-36 -3.33286e-37 4.16592e-38 2.57321e-38 -6.92207e-36 3.03104e-36 1.30335e-36 2.13391e-40 -2.93836e-39 -1.60655e-39 5.29745e-39 -4.31491e-39 1.32094e-38 -1.67886e-37 2.01561e-39 1.62588e-38 2.66337e-35 1.05784e-36 8.59016e-36 -1.20753e-35 3.66952e-35 7.556e-11 -1.84683e-33
1.125e-05 2119.72 0.000342083 0.000175071 0.000295421 0.00064283 0.000237865 0.000888949 9.26856e-08 2.60119e-08 1.89764e-35 5.90996e-36 0.0040622 5.48794e-29 5.19123e-29 3.96963e-29 2.79941e-29 6.24069e-28 3.84215e-29 3.2721e-15 -4.34655e-15 7.72188e-21 5.32792e-24 5.19595e-28 1.14151e-28 6.58656e-30 -2.21492e-31 -1.09017e-29 -6.81512e-33 -1.36865e-33 -6.1771e-37 2.20921e-37 -6.4221e-31 -7.1431e-31 -2.29131e-34 -2.00105e-34 -3.70447e-36 -8.18153e-33 4.78133e-33 6.80135e-33 2.47916e-38 9.55175e-38 -1.97056e-34 -8.16534e-34 3.96639e-37 1.49114e-38 -1.14954e-37 -2.2478e-37 -1.77036e-37 -5.80109e-37 1.51206e-37 1.50816e-37 3.42386e-37 -2.44793e-38 5.44545e-38 -7.30979e-38 4.17304e-38 1.60831e-35 1.52589e-35 5.92905e-37 -3.76984e-37 -5.822e-36 -5.20397e-38 1.06721e-39 1.83817e-37 1.06852e-39 -1.97674e-37 -9.13404e-39 3.17302e-38 3.16843e-37 -1.25106e-37 2.50501e-37 -4.08518e-37 -1.69853e-36 3.89796e-36 -2.67953e-36 -2.82699e-37 1.65193e-38 2.42987e-38 -5.69119e-36 2.45869e-36 1.12408e-36 1.3286e-40 -2.62251e-39 -1.44939e-39 4.61387e-39 -3.74818e-39 1.15641e-38 -2.54843e-37 1.59279e-39 1.24268e-38 2.18032e-35 8.5482e-37 6.95333e-36 -9.81526e-36 2.98287e-35 7.53069e-11 -5.38506e-34
1.15e-05 2127.21 0.000338477 0.000174671 0.000294156 0.000642038 0.000239162 0.000890504 9.1671e-08 2.58205e-08 2.02239e-35 6.29847e-36 0.0040622 5.31316e-29 4.92535e-29 3.69167e-29 2.55358e-29 5.63674e-28 3.44964e-29 3.05337e-15 -4.12782e-15 7.13712e-21 4.90834e-24 4.73248e-28 1.03212e-28 5.98537e-30 -6.54949e-32 -3.15253e-30 -1.9255e-33 -3.81377e-34 -1.90686e-37 1.92981e-37 -1.86818e-31 -2.09583e-31 -6.5478e-35 -5.22409e-35 -1.08469e-36 -2.33649e-33 4.22617e-33 5.983e-33 2.25678e-38 7.34161e-38 -5.62279e-35 -2.32361e-34 3.14435e-37 1.38725e-38 -7.03509e-38 -6.7832e-38 -1.33386e-37 -4.66084e-37 1.38358e-37 1.35251e-37 2.61097e-37 -2.2215e-38 4.57517e-38 -4.17536e-38 4.24633e-38 1.28543e-35 1.2516e-35 4.84212e-37 -3.69199e-37 -4.84193e-36 -4.08408e-38 2.35369e-40 1.41663e-37 7.13699e-40 -2.06949e-37 -8.51142e-39 2.7267e-38 2.62502e-37 -1.43174e-37 2.05069e-37 -3.22979e-37 -1.41521e-36 3.28925e-36 -2.19599e-36 -2.36402e-37 4.02559e-39 2.28961e-38 -4.61416e-36 1.96221e-36 9.62186e-37 1.35696e-40 -2.34179e-39 -1.31166e-39 4.01981e-39 -3.24672e-39 1.01058e-38 -2.58292e-37 1.24494e-39 9.35202e-39 1.76098e-35 6.81637e-37 5.55179e-36 -7.87006e-36 2.3919e-35 7.5045e-11 -1.55106e-34
1.175e-05 2134.59 0.000334945 0.000174268 0.000292897 0.000641268 0.000240426 0.000892041 9.06887e-08 2.56281e-08 2.13565e-35 6.65122e-36 0.0040622 5.13225e-29 4.65395e-29 3.41491e-29 2.31674e-29 5.08486e-28 3.07418e-29 2.84481e-15 -3.91926e-15 6.58706e-21 4.51793e-24 4.30691e-28 9.32635e-29 5.43104e-30 -1.93103e-32 -9.09534e-31 -5.4301e-34 -1.06493e-34 -6.22492e-38 1.64545e-37 -5.42108e-32 -6.13156e-32 -1.87176e-35 -1.08502e-35 -3.34674e-37 -6.65768e-34 3.73258e-33 5.26295e-33 2.06199e-38 5.55007e-38 -1.60163e-35 -6.62128e-35 2.44765e-37 1.23738e-38 -5.80308e-38 -2.38753e-38 -9.77942e-38 -3.6819e-37 1.25716e-37 1.16967e-37 1.97517e-37 -1.34502e-38 3.91277e-38 -1.12403e-38 4.40348e-38 1.0114e-35 1.01301e-35 3.89897e-37 -3.34621e-37 -3.97155e-36 -3.16317e-38 -6.75238e-41 1.07474e-37 6.7434e-40 -1.95246e-37 -7.82105e-39 2.42793e-38 2.16215e-37 -1.39026e-37 1.69861e-37 -2.55284e-37 -1.15922e-36 2.7388e-36 -1.76954e-36 -1.94497e-37 -5.54681e-41 2.15251e-38 -3.68053e-36 1.53652e-36 8.1617e-37 1.85474e-40 -2.09358e-39 -1.19128e-39 3.50487e-39 -2.80343e-39 8.81259e-39 -2.42096e-37 9.60421e-40 6.91166e-39 1.39994e-35 5.34984e-37 4.36148e-36 -6.20962e-36 1.88748e-35 7.47749e-11 -4.3087e-35
1.2e-05 2141.85 0.000331486 0.000173861 0.000291645 0.000640518 0.00024166 0.000893562 8.97373e-08 2.54349e-08 2.23879e-35 6.97244e-36 0.0040622 4.95759e-29 4.39056e-29 3.15226e-29 2.09712e-29 4.58288e-28 2.73347e-29 2.64616e-15 -3.7206e-15 6.07007e-21 4.15456e-24 3.91613e-28 8.42112e-29 4.9239e-30 -5.67743e-33 -2.61826e-31 -1.52901e-34 -2.99704e-35 -1.70686e-38 1.38746e-37 -1.56936e-32 -1.78838e-32 -5.37796e-36 1.06973e-37 -1.15468e-37 -1.89016e-34 3.29521e-33 4.62881e-33 1.8907e-38 4.11393e-38 -4.55844e-36 -1.90728e-35 1.86689e-37 1.08564e-38 -5.47079e-38 -1.13016e-38 -6.93612e-38 -2.85009e-37 1.13284e-37 9.71015e-38 1.51572e-37 -1.06156e-39 3.44446e-38 1.74017e-38 4.5885e-38 7.80985e-36 8.07042e-36 3.08773e-37 -2.80174e-37 -3.20491e-36 -2.41157e-38 -3.73613e-41 8.00251e-38 8.24227e-40 -1.79086e-37 -7.14134e-39 2.16726e-38 1.76751e-37 -1.22161e-37 1.41668e-37 -2.01139e-37 -9.30132e-37 2.24507e-36 -1.39775e-36 -1.5694e-37 9.33882e-40 2.01823e-38 -2.8802e-36 1.17652e-36 6.84767e-37 2.55086e-40 -1.874e-39 -1.08586e-39 3.05882e-39 -2.41141e-39 7.66287e-39 -2.22622e-37 7.29407e-40 4.9997e-39 1.09223e-35 4.11982e-37 3.36094e-36 -4.80682e-36 1.46138e-35 7.44973e-11 -1.04585e-35
1.225e-05 2149.01 0.000328096 0.000173452 0.000290401 0.000639788 0.000242863 0.000895065 8.8816e-08 2.52413e-08 2.33297e-35 7.26576e-36 0.0040622 4.79115e-29 4.13816e-29 2.9064e-29 1.89575e-29 4.12684e-28 2.42877e-29 2.45712e-15 -3.53157e-15 5.5846e-21 3.81627e-24 3.55724e-28 7.5972e-29 4.4608e-30 -1.66467e-33 -7.52102e-32 -4.29945e-35 -8.59523e-36 3.52195e-39 1.1603e-37 -4.53278e-33 -5.19687e-33 -1.57117e-36 2.50516e-36 -4.73585e-38 -5.32082e-35 2.90787e-33 4.06986e-33 1.73884e-38 2.97829e-38 -1.29963e-36 -5.69429e-36 1.39019e-37 9.43013e-39 -5.36851e-38 -7.44236e-39 -4.72156e-38 -2.15252e-37 1.01079e-37 7.67472e-38 1.22124e-37 1.28161e-38 3.16087e-38 4.34542e-38 4.77358e-38 5.8958e-36 6.30965e-36 2.39763e-37 -2.12832e-37 -2.53662e-36 -1.8041e-38 1.73781e-40 5.82658e-38 1.06445e-39 -1.63422e-37 -6.5115e-39 1.91934e-38 1.43155e-37 -9.93992e-38 1.18249e-37 -1.57332e-37 -7.27507e-37 1.80673e-36 -1.07812e-36 -1.2359e-37 4.50063e-39 1.88639e-38 -2.20334e-36 8.77103e-37 5.66989e-37 3.25992e-40 -1.67882e-39 -9.92973e-40 2.67228e-39 -2.06455e-39 6.63739e-39 -2.03989e-37 5.43601e-40 3.52507e-39 8.33287e-36 3.10082e-37 2.53075e-36 -3.63688e-36 1.10604e-35 7.42125e-11 -9.91661e-37
1.25e-05 2156.05 0.000324775 0.000173039 0.000289163 0.000639077 0.000244037 0.000896552 8.79237e-08 2.50474e-08 2.41915e-35 7.53415e-36 0.0040622 4.63208e-29 3.89679e-29 2.67712e-29 1.71176e-29 3.71261e-28 2.15722e-29 2.27743e-15 -3.35188e-15 5.1291e-21 3.50129e-24 3.2276e-28 6.84708e-29 4.03797e-30 -4.86761e-34 -2.15595e-32 -1.20455e-35 -2.54398e-36 1.55423e-38 9.62272e-38 -1.30631e-33 -1.5018e-33 -4.78415e-37 2.59166e-36 -2.29694e-38 -1.46112e-35 2.56474e-33 3.57679e-33 1.60287e-38 2.09543e-38 -3.73907e-37 -1.86493e-36 1.00575e-37 8.117e-39 -5.29894e-38 -6.01448e-39 -3.05073e-38 -1.57722e-37 8.91474e-38 5.70056e-38 1.07181e-37 2.66877e-38 3.05313e-38 6.64629e-38 4.95188e-38 4.33024e-36 4.82309e-36 1.81874e-37 -1.39236e-37 -1.9617e-36 -1.31942e-38 4.55968e-40 4.12894e-38 1.32389e-39 -1.49688e-37 -5.94472e-39 1.68947e-38 1.14698e-37 -7.53202e-38 9.81716e-38 -1.21559e-37 -5.50865e-37 1.42263e-36 -8.0803e-37 -9.42564e-38 8.91252e-39 1.75681e-38 -1.64029e-36 6.33103e-37 4.62139e-37 3.86992e-40 -1.50398e-39 -9.10349e-40 2.33701e-39 -1.75783e-39 5.72084e-39 -1.8702e-37 3.95999e-40 2.40971e-39 6.18793e-36 2.26985e-37 1.85307e-36 -2.67677e-36 8.14443e-36 7.39211e-11 1.73359e-36
1.275e-05 2163 0.000321518 0.000172624 0.000287933 0.000638385 0.000245183 0.000898023 8.70595e-08 2.48533e-08 2.4981e-35 7.78003e-36 0.0040622 4.47884e-29 3.66572e-29 2.46344e-29 1.54379e-29 3.33632e-28 1.91528e-29 2.10677e-15 -3.18122e-15 4.70208e-21 3.20794e-24 2.92479e-28 6.16398e-29 3.65175e-30 -1.41908e-34 -6.16728e-33 -3.30893e-36 -7.61653e-37 2.34499e-38 7.90807e-38 -3.75643e-34 -4.29474e-34 -1.57877e-37 2.13225e-36 -1.19735e-38 -3.69285e-36 2.2606e-33 3.14152e-33 1.47993e-38 1.42373e-38 -1.10804e-37 -7.32107e-37 7.02345e-38 6.91869e-39 -5.20551e-38 -5.27681e-39 -1.84082e-38 -1.11274e-37 7.75729e-38 3.89574e-38 1.04119e-37 3.95787e-38 3.10882e-38 8.61768e-38 5.12924e-38 3.07486e-36 3.58808e-36 1.34171e-37 -6.53672e-38 -1.47534e-36 -9.39261e-39 7.3682e-40 2.83125e-38 1.55697e-39 -1.38008e-37 -5.43733e-39 1.49391e-38 9.08292e-38 -5.27153e-38 8.06334e-38 -9.22357e-38 -3.99646e-37 1.09163e-36 -5.84614e-37 -6.87307e-38 1.30803e-38 1.62974e-38 -1.18137e-36 4.39262e-37 3.69783e-37 4.32739e-40 -1.34605e-39 -8.36005e-40 2.04609e-39 -1.48742e-39 4.9022e-39 -1.716e-37 2.80653e-40 1.58661e-39 4.4461e-36 1.60576e-37 1.31115e-36 -1.90474e-36 5.79957e-36 7.36236e-11 2.49878e-36
1.3e-05 2169.84 0.000318325 0.000172207 0.000286711 0.00063771 0.000246301 0.000899479 8.62224e-08 2.46594e-08 2.57044e-35 8.00533e-36 0.0040622 4.32979e-29 3.44412e-29 2.26422e-29 1.3905e-29 2.99444e-28 1.69957e-29 1.94486e-15 -3.01931e-15 4.3021e-21 2.93473e-24 2.6466e-28 5.54179e-29 3.2988e-30 -4.12045e-35 -1.76005e-33 -8.17102e-37 -1.83016e-37 2.86009e-38 6.43725e-38 -1.07766e-34 -1.19995e-34 -5.77819e-38 1.61542e-36 -5.76031e-39 -6.47071e-37 1.99088e-33 2.75702e-33 1.36783e-38 9.26666e-39 -3.55884e-38 -3.62984e-37 4.69359e-38 5.83437e-39 -5.07734e-38 -4.74513e-39 -1.01175e-38 -7.47855e-38 6.64803e-38 2.35625e-38 1.09924e-37 5.09141e-38 3.30855e-38 1.02491e-37 5.31595e-38 2.0935e-36 2.58311e-36 9.57453e-38 3.70134e-39 -1.07259e-36 -6.47789e-39 9.75163e-40 1.86523e-38 1.73976e-39 -1.27932e-37 -4.97622e-39 1.35029e-38 7.11153e-38 -3.30281e-38 6.52824e-38 -6.83108e-38 -2.73136e-37 8.12365e-37 -4.04697e-37 -4.68102e-38 1.64266e-38 1.50586e-38 -8.16764e-37 2.9017e-37 2.8967e-37 4.62192e-40 -1.2024e-39 -7.6833e-40 1.79385e-39 -1.25051e-39 4.17428e-39 -1.57352e-37 1.9245e-40 9.98217e-40 3.0667e-36 1.08858e-37 8.89011e-37 -1.29975e-36 3.96165e-36 7.33205e-11 2.69239e-36
1.325e-05 2176.58 0.000315194 0.000171787 0.000285496 0.000637053 0.000247392 0.000900919 8.54117e-08 2.44658e-08 2.63667e-35 8.21159e-36 0.0040622 4.18338e-29 3.23117e-29 2.07838e-29 1.2506e-29 2.68377e-28 1.50708e-29 1.79138e-15 -2.86582e-15 3.92774e-21 2.68024e-24 2.39103e-28 4.975e-29 2.97607e-30 -1.18717e-35 -5.00543e-34 -8.58594e-38 4.2385e-38 3.15501e-38 5.19266e-38 -3.08174e-35 -3.16474e-35 -2.16017e-38 1.1679e-36 -1.80896e-39 1.60949e-37 1.75155e-33 2.41718e-33 1.26498e-38 5.71947e-39 -1.36149e-38 -2.14275e-37 2.96603e-38 4.86454e-39 -4.92e-38 -4.28419e-39 -4.87064e-39 -4.71207e-38 5.60297e-38 1.15168e-38 1.21413e-37 6.04071e-38 3.62364e-38 1.154e-37 5.51983e-38 1.35119e-36 1.78693e-36 6.56848e-38 6.39696e-38 -7.48022e-37 -4.30968e-39 1.15394e-39 1.17073e-38 1.86508e-39 -1.18779e-37 -4.54458e-39 1.27217e-38 5.51873e-38 -1.67466e-38 5.20551e-38 -4.90971e-38 -1.70365e-37 5.8303e-37 -2.64678e-37 -2.83072e-38 1.87559e-38 1.38626e-38 -5.36326e-37 1.80217e-37 2.2162e-37 4.77171e-40 -1.07118e-39 -7.06099e-40 1.57567e-39 -1.04492e-39 3.53256e-39 -1.43874e-37 1.2692e-40 5.94869e-40 2.00889e-36 6.9907e-38 5.71061e-37 -8.41089e-37 2.56761e-36 7.3012e-11 2.71642e-36
1.35e-05 2183.23 0.000312122 0.000171366 0.000284289 0.000636412 0.000248457 0.000902344 8.46264e-08 2.42727e-08 2.6972e-35 8.40012e-36 0.0040622 4.03818e-29 3.02616e-29 1.90491e-29 1.1229e-29 2.40144e-28 1.33514e-29 1.64602e-15 -2.72047e-15 3.57765e-21 2.44317e-24 2.15622e-28 4.45862e-29 2.68085e-30 -3.35024e-36 -1.41263e-34 1.4188e-37 1.51925e-37 3.26734e-38 4.15813e-38 -8.7533e-36 -7.05696e-36 -4.95538e-39 8.14482e-37 7.08824e-40 3.33479e-37 1.5391e-33 2.11666e-33 1.17028e-38 3.30778e-39 -6.76692e-39 -1.33866e-37 1.74252e-38 4.0104e-39 -4.74487e-38 -3.85685e-39 -1.95123e-39 -2.71115e-38 4.64035e-38 3.09176e-39 1.3545e-37 6.79661e-38 4.01513e-38 1.24964e-37 5.74143e-38 8.13471e-37 1.1777e-36 4.30415e-38 1.12583e-37 -4.95473e-37 -2.76024e-39 1.27323e-39 6.94114e-39 1.93746e-39 -1.09839e-37 -4.12583e-39 1.26645e-38 4.26867e-38 -3.7324e-39 4.10332e-38 -3.41216e-38 -9.00048e-38 4.01065e-37 -1.6045e-37 -1.3047e-38 2.01342e-38 1.27234e-38 -3.29488e-37 1.03566e-37 1.6539e-37 4.81103e-40 -9.51207e-40 -6.48432e-40 1.38759e-39 -8.68635e-40 2.97337e-39 -1.30844e-37 8.00662e-41 3.33617e-40 1.23096e-36 4.18323e-38 3.41907e-37 -5.08065e-37 1.55455e-36 7.26988e-11 2.68682e-36
1.375e-05 2189.78 0.000309109 0.000170943 0.00028309 0.000635788 0.000249496 0.000903755 8.38659e-08 2.40801e-08 2.75241e-35 8.57205e-36 0.0040622 3.89288e-29 2.82846e-29 1.74285e-29 1.00635e-29 2.14482e-28 1.18142e-29 1.50849e-15 -2.58293e-15 3.25052e-21 2.22233e-24 1.94051e-28 3.98813e-29 2.41068e-30 -8.821e-37 -3.89751e-35 2.18378e-37 2.13148e-37 3.23295e-38 3.31509e-38 -2.4338e-36 -6.39291e-37 4.77399e-39 5.51161e-37 2.1602e-39 3.2721e-37 1.35041e-33 1.85079e-33 1.08284e-38 1.77311e-39 -4.27335e-39 -7.93832e-38 9.27897e-39 3.27154e-39 -4.56426e-38 -3.45403e-39 -7.06626e-40 -1.35456e-38 3.77862e-38 -2.00842e-39 1.49115e-37 7.36223e-38 4.43436e-38 1.31282e-37 5.97166e-38 4.45952e-37 7.32297e-37 2.68098e-38 1.47812e-37 -3.07747e-37 -1.71007e-39 1.34399e-39 3.87026e-39 1.9685e-39 -1.00489e-37 -3.70564e-39 1.3332e-38 3.32213e-38 6.5249e-39 3.23298e-38 -2.30047e-38 -3.02732e-38 2.62927e-37 -8.73536e-38 -8.57494e-40 2.07882e-38 1.16556e-38 -1.85204e-37 5.41549e-38 1.20521e-37 4.78035e-40 -8.41574e-40 -5.94687e-40 1.22578e-39 -7.19182e-40 2.49184e-39 -1.1804e-37 4.82293e-41 1.7724e-40 6.89924e-37 2.2759e-38 1.86229e-37 -2.79839e-37 8.59278e-37 7.2381e-11 2.63681e-36
1.4e-05 2196.24 0.000306152 0.000170519 0.000281899 0.000635179 0.000250511 0.000905151 8.31294e-08 2.38882e-08 2.80261e-35 8.7284e-36 0.0040622 3.74628e-29 2.63752e-29 1.59137e-29 8.99963e-30 1.91158e-28 1.04386e-29 1.37847e-15 -2.45291e-15 2.94509e-21 2.01661e-24 1.74235e-28 3.55943e-29 2.16334e-30 -1.70292e-37 -9.93005e-36 2.42959e-37 2.4604e-37 3.08917e-38 2.63888e-38 -6.22202e-37 7.48859e-37 1.12173e-38 3.65438e-37 2.79088e-39 2.73834e-37 1.18279e-33 1.6155e-33 1.0018e-38 8.82836e-40 -3.0923e-39 -3.90585e-38 4.30506e-39 2.64313e-39 -4.38862e-38 -3.07406e-39 -5.64988e-40 -5.17014e-39 3.03352e-38 -4.73582e-39 1.59854e-37 7.74809e-38 4.82509e-38 1.34478e-37 6.19193e-38 2.14297e-37 4.258e-37 1.59132e-38 1.68954e-37 -1.76461e-37 -1.04485e-39 1.383e-39 2.0552e-39 1.97305e-39 -9.02474e-38 -3.27192e-39 1.46713e-38 2.63331e-38 1.47289e-38 2.60061e-38 -1.53707e-38 1.11286e-38 1.63894e-37 -4.01817e-38 8.4469e-39 2.10251e-38 1.06717e-38 -9.19974e-38 2.57656e-38 8.61949e-38 4.71921e-40 -7.41251e-40 -5.44288e-40 1.08595e-39 -5.92962e-40 2.07959e-39 -1.05332e-37 2.79939e-41 9.3557e-41 3.41535e-37 1.08275e-38 8.88252e-38 -1.35478e-37 4.18418e-37 7.20592e-11 2.57573e-36
1.425e-05 2202.62 0.000303249 0.000170093 0.000280716 0.000634585 0.000251502 0.000906533 8.24163e-08 2.36972e-08 2.84808e-35 8.87001e-36 0.0040622 3.5973e-29 2.45285e-29 1.44966e-29 8.02857e-30 1.69957e-28 9.20687e-30 1.25565e-15 -2.33009e-15 2.66015e-21 1.82497e-24 1.56032e-28 3.16883e-29 1.93684e-30 3.3096e-38 -1.73204e-36 2.4454e-37 2.56586e-37 2.87359e-38 2.09563e-38 -9.97264e-38 8.55952e-37 1.54674e-38 2.41896e-37 2.81299e-39 2.12693e-37 1.03383e-33 1.4072e-33 9.25873e-39 4.28804e-40 -2.3577e-39 -9.48589e-39 1.63478e-39 2.11299e-39 -4.22487e-38 -2.71518e-39 -1.05376e-39 -7.13065e-40 2.41465e-38 -6.68787e-39 1.65567e-37 7.96915e-38 5.12691e-38 1.34679e-37 6.37651e-38 8.46553e-38 2.31393e-37 9.20572e-39 1.76163e-37 -9.20125e-38 -6.53984e-40 1.40912e-39 1.09704e-39 1.96631e-39 -7.87605e-38 -2.81332e-39 1.66028e-38 2.14805e-38 2.16669e-38 2.20209e-38 -1.07942e-38 3.70299e-38 9.79793e-38 -1.32647e-38 1.50823e-38 2.11763e-38 9.77767e-39 -3.81425e-38 1.21583e-38 6.11173e-38 4.66178e-40 -6.48563e-40 -4.96504e-40 9.62739e-40 -4.84703e-40 1.72283e-39 -9.26248e-38 1.61353e-41 5.50044e-41 1.4094e-37 4.21865e-39 3.48324e-38 -5.42674e-38 1.69365e-37 7.17336e-11 2.50607e-36
1.45e-05 2208.9 0.0003004 0.000169666 0.000279541 0.000634005 0.000252469 0.000907901 8.17258e-08 2.35072e-08 2.88901e-35 8.99747e-36 0.0040622 3.44495e-29 2.27404e-29 1.317e-29 7.14224e-30 1.50688e-28 8.10304e-30 1.13973e-15 -2.21418e-15 2.39453e-21 1.64646e-24 1.39315e-28 2.81296e-29 1.72935e-30 8.92867e-38 5.35045e-37 2.32518e-37 2.45955e-37 2.62099e-38 1.64048e-38 5.32043e-38 7.14326e-37 1.79102e-38 1.6386e-37 2.42096e-39 1.5635e-37 9.01432e-34 1.22275e-33 8.5307e-39 2.28027e-40 -1.80904e-39 1.06778e-38 4.70324e-40 1.65931e-39 -4.07524e-38 -2.37199e-39 -1.81845e-39 1.0768e-39 1.92183e-38 -9.95531e-39 1.64663e-37 8.04355e-38 5.27962e-38 1.31998e-37 6.49611e-38 2.46397e-38 1.20643e-37 5.49188e-39 1.70267e-37 -4.37342e-38 -4.30787e-40 1.44099e-39 6.38159e-40 1.96209e-39 -6.57468e-38 -2.31669e-39 1.90487e-38 1.80388e-38 2.81546e-38 2.02111e-38 -8.78113e-39 5.07346e-38 5.80034e-38 -6.4639e-40 1.93088e-38 2.15617e-38 8.96824e-39 -1.19995e-38 7.30142e-39 4.34489e-38 4.63439e-40 -5.60724e-40 -4.50194e-40 8.49191e-40 -3.87093e-40 1.40093e-39 -7.97792e-38 9.617e-42 3.84291e-41 4.40121e-38 1.20667e-39 1.01689e-38 -1.63275e-38 5.20773e-38 7.14047e-11 2.42835e-36
1.475e-05 2215.1 0.000297602 0.000169239 0.000278375 0.00063344 0.000253414 0.000909256 8.10573e-08 2.33182e-08 2.92542e-35 9.11087e-36 0.0040622 3.28833e-29 2.10071e-29 1.19272e-29 6.3333e-30 1.33175e-28 7.11323e-30 1.03043e-15 -2.10487e-15 2.14711e-21 1.4802e-24 1.23964e-28 2.48876e-29 1.53925e-30 1.02237e-37 1.11158e-36 2.1077e-37 2.1309e-37 2.35927e-38 1.21739e-38 9.83626e-38 5.72944e-37 1.87543e-38 1.1422e-37 1.78611e-39 1.08771e-37 7.83733e-34 1.05941e-33 7.80252e-39 1.25137e-40 -1.34744e-39 2.25575e-38 1.17489e-40 1.24939e-39 -3.93646e-38 -2.03317e-39 -2.64117e-39 1.37021e-39 1.54152e-38 -1.67981e-38 1.56063e-37 7.99232e-38 5.22799e-38 1.26501e-37 6.52202e-38 4.87837e-39 6.42779e-38 3.56697e-39 1.52594e-37 -2.02562e-38 -2.74259e-40 1.49575e-39 3.6689e-40 1.97168e-39 -5.09137e-38 -1.76443e-39 2.19551e-38 1.53189e-38 3.50159e-38 2.02996e-38 -8.78398e-39 5.5888e-38 3.58368e-38 3.64245e-39 2.14354e-38 2.24706e-38 8.22236e-39 -2.51678e-39 5.69066e-39 3.08118e-38 4.6544e-40 -4.73486e-40 -4.03572e-40 7.36367e-40 -2.90697e-40 1.08606e-39 -6.65358e-38 5.6347e-42 2.50083e-41 9.53844e-39 2.41125e-40 2.18897e-39 -3.5572e-39 1.1854e-38 7.10726e-11 2.34255e-36
1.5e-05 2221.21 0.000294854 0.00016881 0.000277216 0.000632888 0.000254337 0.000910597 8.04102e-08 2.31304e-08 2.9571e-35 9.20954e-36 0.0040622 3.12663e-29 1.93256e-29 1.07622e-29 5.59505e-30 1.17261e-28 6.22515e-30 9.27432e-16 -2.00188e-15 1.91683e-21 1.32535e-24 1.09871e-28 2.19346e-29 1.36504e-30 1.01427e-37 1.20111e-36 1.81389e-37 1.55539e-37 2.10463e-38 7.60421e-39 1.10022e-37 4.57714e-37 1.81963e-38 7.62253e-38 1.04502e-39 7.01449e-38 6.79095e-34 9.14747e-34 7.02809e-39 -4.21709e-42 -9.10565e-40 2.76642e-38 2.6613e-41 8.39381e-40 -3.7988e-38 -1.68043e-39 -3.46003e-39 1.18247e-39 1.24384e-38 -2.91459e-38 1.39175e-37 7.83988e-38 4.92606e-38 1.1817e-37 6.42928e-38 1.10016e-39 3.33671e-38 2.27523e-39 1.24867e-37 -1.0065e-38 -9.18878e-41 1.58841e-39 2.43801e-41 2.00342e-39 -3.3874e-38 -1.13229e-39 2.53022e-38 1.25986e-38 4.30703e-38 2.19211e-38 -1.02407e-38 5.628e-38 2.28176e-38 5.23054e-39 2.18148e-38 2.41501e-38 7.49881e-39 1.22344e-40 2.74647e-39 2.03676e-38 4.72942e-40 -3.80948e-40 -3.5399e-40 6.13203e-40 -1.84155e-40 7.43652e-40 -5.24464e-38 1.69526e-42 1.38466e-43 2.20848e-39 5.55621e-41 5.40108e-40 -8.8456e-40 3.01487e-39 7.07377e-11 2.24851e-36
1.525e-05 2227.25 0.000292155 0.000168381 0.000276066 0.000632349 0.000255238 0.000911925 7.9784e-08 2.29438e-08 2.9835e-35 9.29177e-36 0.0040622 2.95911e-29 1.7693e-29 9.6693e-30 4.92138e-30 1.02801e-28 5.42793e-30 8.3046e-16 -1.9049e-15 1.70268e-21 1.18116e-24 9.69345e-29 1.92452e-29 1.20537e-30 9.48101e-38 1.14273e-36 1.45572e-37 6.97718e-38 1.8566e-38 1.95555e-39 1.09545e-37 3.36191e-37 1.64876e-38 3.44125e-38 2.8602e-40 3.79824e-38 5.86065e-34 7.86626e-34 6.14339e-39 -2.50197e-40 -4.37433e-40 2.81515e-38 -1.61334e-40 3.74742e-40 -3.64482e-38 -1.28804e-39 -4.39245e-39 1.28874e-39 9.80241e-39 -4.79529e-38 1.13836e-37 7.6149e-38 4.34026e-38 1.06843e-37 6.19829e-38 -3.3379e-39 7.07613e-40 5.78824e-40 8.91778e-38 -2.19244e-39 1.97578e-40 1.73121e-39 -5.89054e-40 2.06191e-39 -1.40808e-38 -3.88e-40 2.9103e-38 9.15748e-39 5.31071e-38 2.46552e-38 -1.2627e-38 5.5613e-38 1.0277e-38 9.00928e-39 2.08281e-38 2.67944e-38 6.73307e-39 3.75857e-39 -4.74178e-39 8.94345e-39 4.8558e-40 -2.75476e-40 -2.97775e-40 4.6645e-40 -5.44744e-41 3.33283e-40 -3.68292e-38 -4.28897e-42 -4.69132e-41 -3.6693e-39 -2.02787e-40 -1.8249e-39 2.23252e-39 -6.69039e-39 7.04003e-11 2.14603e-36
1.55e-05 2233.2 0.000289504 0.000167952 0.000274924 0.000631823 0.000256118 0.000913241 7.9178e-08 2.27585e-08 3.00362e-35 9.35442e-36 0.0040622 2.78512e-29 1.61068e-29 8.64331e-30 4.30674e-30 8.96656e-29 4.71197e-30 7.39231e-16 -1.81368e-15 1.50367e-21 1.0469e-24 8.5064e-29 1.67965e-29 1.05902e-30 8.41101e-38 1.02691e-36 1.03742e-37 -4.88891e-38 1.59282e-38 -5.58687e-39 1.03929e-37 1.68466e-37 1.3974e-38 -2.4483e-38 -4.65162e-40 7.18115e-39 5.03362e-34 6.73166e-34 5.06289e-39 -6.66946e-40 1.42106e-40 2.69825e-38 -5.66182e-40 -2.10007e-40 -3.44737e-38 -8.22631e-40 -5.76797e-39 2.13541e-39 6.81182e-39 -7.24537e-38 8.02292e-38 7.35148e-38 3.45092e-38 9.21495e-38 5.81437e-38 -1.45879e-38 -5.78724e-38 -2.37276e-39 4.80141e-38 1.30698e-38 6.62619e-40 1.93226e-39 -1.61066e-39 2.14666e-39 9.22023e-39 5.10057e-40 3.33987e-38 4.30227e-39 6.58296e-38 2.80532e-38 -1.55058e-38 5.72824e-38 -9.93392e-39 1.87397e-38 1.88636e-38 3.05236e-38 5.83451e-39 1.34843e-38 -1.81575e-38 -6.85106e-39 5.01549e-40 -1.47569e-40 -2.30037e-40 2.80479e-40 1.12873e-40 -1.91076e-40 -1.87378e-38 -1.39158e-41 -1.23786e-40 -1.98556e-38 -8.27815e-40 -7.52684e-39 1.01202e-38 -3.1134e-38 7.00607e-11 2.03492e-36
1.575e-05 2239.08 0.000286899 0.000167522 0.000273791 0.000631309 0.000256977 0.000914544 7.85918e-08 2.25746e-08 3.01586e-35 9.39253e-36 0.0040622 2.60407e-29 1.45649e-29 7.67947e-30 3.74604e-30 7.77362e-29 4.06872e-30 6.5347e-16 -1.72791e-15 1.31889e-21 9.21915e-25 7.41744e-29 1.45676e-29 9.2487e-31 6.92055e-38 8.6902e-37 5.54308e-38 -2.06742e-37 1.2632e-38 -1.59301e-38 9.69496e-38 -7.48556e-38 1.11352e-38 -1.10773e-37 -1.26133e-39 -3.02955e-38 4.29849e-34 5.72707e-34 3.67505e-39 -1.27239e-39 9.12417e-40 2.80912e-38 -1.01802e-39 -9.93108e-40 -3.16671e-38 -2.42328e-40 -8.17578e-39 3.74853e-39 2.53131e-39 -9.9327e-38 3.87715e-38 7.09135e-38 2.25241e-38 7.34256e-38 5.26616e-38 -2.51285e-38 -1.62522e-37 -7.17899e-39 4.29026e-39 4.35151e-38 1.35934e-39 2.19318e-39 -3.11595e-39 2.24973e-39 3.70328e-38 1.61484e-39 3.82629e-38 -2.62614e-39 8.17727e-38 3.16524e-38 -1.85667e-38 6.42e-38 -4.50078e-38 3.66868e-38 1.62977e-38 3.53499e-38 4.68332e-39 3.08681e-38 -3.65886e-38 -3.05706e-38 5.17119e-40 1.44725e-41 -1.44441e-40 3.67667e-41 3.34312e-40 -8.82222e-40 3.07773e-39 -2.82289e-41 -2.36295e-40 -3.92833e-38 -1.39474e-39 -1.35385e-38 1.90276e-38 -6.03627e-38 6.97191e-11 1.91502e-36
1.6e-05 2244.88 0.000284339 0.000167092 0.000272665 0.000630807 0.000257817 0.000915835 7.80248e-08 2.23921e-08 3.01788e-35 9.39884e-36 0.0040622 2.41541e-29 1.30655e-29 6.77336e-30 3.23464e-30 6.69052e-29 3.49062e-30 5.72909e-16 -1.64735e-15 1.14744e-21 8.05578e-25 6.41881e-29 1.25393e-29 8.01902e-31 4.93949e-38 6.57403e-37 -9.3122e-40 -4.12344e-37 7.83455e-39 -3.0099e-38 9.25439e-38 -4.03905e-37 8.63521e-39 -2.31161e-37 -2.25076e-39 -8.59645e-38 3.64518e-34 4.83783e-34 1.83921e-39 -2.04833e-39 1.97546e-39 3.65758e-38 -1.00135e-39 -2.06794e-39 -2.74792e-38 5.03905e-40 -1.25251e-38 5.63226e-39 -4.25191e-39 -1.21651e-37 -9.9941e-39 6.88878e-38 7.5418e-39 4.96381e-38 4.54486e-38 -1.01167e-38 -3.28585e-37 -1.41219e-38 -3.85875e-38 9.43893e-38 2.33257e-39 2.50627e-39 -5.12046e-39 2.35285e-39 7.06348e-38 2.9923e-39 4.38145e-38 -1.22455e-38 1.01215e-37 3.4984e-38 -2.16628e-38 7.86587e-38 -1.00808e-37 6.32467e-38 1.34887e-38 4.11364e-38 3.12801e-39 5.31242e-38 -5.62951e-38 -6.59308e-38 5.26126e-40 2.24781e-40 -3.30665e-41 -2.86498e-40 6.28569e-40 -1.80107e-39 3.0205e-38 -4.76465e-41 -3.90015e-40 -3.03534e-38 -5.78145e-40 -9.80118e-39 1.50033e-38 -5.43901e-38 6.93758e-11 1.78616e-36
1.625e-05 2250.6 0.000281822 0.000166662 0.000271548 0.000630317 0.000258637 0.000917114 7.74766e-08 2.22112e-08 3.00655e-35 9.36356e-36 0.0040622 2.21869e-29 1.16068e-29 5.92094e-30 2.76831e-30 5.70745e-29 2.97093e-30 4.97289e-16 -1.57173e-15 9.88498e-22 6.97311e-25 5.50335e-29 1.06942e-29 6.89188e-31 2.38449e-38 3.66494e-37 -6.79992e-38 -6.76302e-37 3.0627e-40 -4.91907e-38 9.60462e-38 -8.01604e-37 7.40834e-39 -3.87652e-37 -3.68781e-39 -1.75262e-37 3.06476e-34 4.05096e-34 -6.04944e-40 -2.93794e-39 3.44713e-39 5.89263e-38 4.10257e-40 -3.53949e-39 -2.12238e-38 1.47176e-39 -2.0097e-38 6.64937e-39 -1.50372e-38 -1.27349e-37 -6.5363e-38 6.82456e-38 -1.01173e-38 1.94387e-38 3.64889e-38 7.689e-38 -5.65353e-37 -2.3066e-38 -7.63128e-38 1.67547e-37 3.61371e-39 2.85322e-39 -7.57495e-39 2.42662e-39 1.11462e-37 4.71589e-39 5.02086e-38 -2.50636e-38 1.24132e-37 3.761e-38 -2.48782e-38 1.02202e-37 -1.81294e-37 9.64699e-38 1.07998e-38 4.75768e-38 9.92571e-40 7.21095e-38 -7.00124e-38 -1.1667e-37 5.19953e-40 4.98624e-40 1.12916e-40 -7.12686e-40 1.01534e-39 -3.0124e-39 6.44749e-38 -7.17993e-41 -5.91682e-40 6.98816e-38 4.06055e-39 2.23958e-38 -2.86096e-38 6.41343e-38 6.90309e-11 1.64821e-36
1.65e-05 2256.26 0.000279348 0.000166232 0.000270439 0.000629838 0.000259438 0.00091838 7.69467e-08 2.20317e-08 2.9781e-35 9.27495e-36 0.0040622 2.01347e-29 1.01873e-29 5.11844e-30 2.34316e-30 4.81552e-29 2.50367e-30 4.26357e-16 -1.5008e-15 8.41265e-22 5.96574e-25 4.66447e-29 9.01657e-30 5.8588e-31 -7.95984e-39 -3.7579e-38 -1.48459e-37 -1.00804e-36 -1.15016e-38 -7.40818e-38 1.14839e-37 -1.21119e-36 8.82008e-39 -5.74903e-37 -5.91388e-39 -3.16873e-37 2.54929e-34 3.35501e-34 -3.78695e-39 -3.83793e-39 5.43144e-39 1.03215e-37 4.6215e-39 -5.50017e-39 -1.22413e-38 2.69973e-39 -3.25321e-38 4.89908e-39 -3.14832e-38 -9.67656e-38 -1.25913e-37 7.04384e-38 -2.96602e-38 -1.83543e-38 2.60334e-38 3.08411e-37 -8.73218e-37 -3.32775e-38 -1.02114e-37 2.60018e-37 5.20846e-39 3.21097e-39 -1.03448e-38 2.43803e-39 1.60526e-37 6.83718e-39 5.75349e-38 -4.12267e-38 1.50288e-37 3.92606e-38 -2.86834e-38 1.35496e-37 -2.87253e-37 1.31412e-37 8.68182e-39 5.42683e-38 -1.88155e-39 7.31321e-38 -6.60549e-38 -1.85844e-37 4.89347e-40 8.46331e-40 3.00015e-40 -1.25833e-39 1.50837e-39 -4.56245e-39 1.07394e-37 -9.91598e-41 -8.49707e-40 3.63199e-37 1.62931e-38 1.12115e-37 -1.53849e-37 4.17819e-37 6.86848e-11 1.50105e-36
1.675e-05 2261.84 0.000276916 0.000165802 0.000269339 0.00062937 0.000260221 0.000919636 7.64347e-08 2.18539e-08 2.92911e-35 9.12237e-36 0.0040622 1.79939e-29 8.80561e-30 4.3624e-30 1.95567e-30 4.00661e-29 2.0835e-30 3.5987e-16 -1.43431e-15 7.04989e-22 5.02864e-25 3.89609e-29 7.49177e-30 4.91203e-31 -4.5232e-38 -5.86676e-37 -2.41353e-37 -1.40623e-36 -2.90725e-38 -1.04634e-37 1.58827e-37 -1.51522e-36 1.49627e-38 -7.74672e-37 -9.26107e-39 -5.28991e-37 2.09172e-34 2.7398e-34 -7.66383e-39 -4.58686e-39 7.94883e-39 1.79042e-37 1.35397e-38 -7.9622e-39 -4.21689e-40 4.15031e-39 -5.16438e-38 -2.3229e-39 -5.49363e-38 6.18732e-40 -1.87778e-37 7.84688e-38 -4.92248e-38 -6.3248e-38 1.51438e-38 7.85291e-37 -1.23819e-36 -4.31361e-38 -1.02739e-37 3.61799e-37 7.06729e-39 3.57598e-39 -1.31701e-38 2.38004e-39 2.1682e-37 9.30718e-39 6.55445e-38 -5.99218e-38 1.79657e-37 4.02006e-38 -3.42507e-38 1.78375e-37 -4.13801e-37 1.5948e-37 7.87707e-39 6.10354e-38 -5.50981e-39 3.40382e-38 -2.7522e-38 -2.73929e-37 4.30794e-40 1.25737e-39 5.23721e-40 -1.91091e-39 2.09744e-39 -6.41971e-39 1.58515e-37 -1.26376e-40 -1.17309e-39 9.95173e-37 4.1326e-38 2.99621e-37 -4.19653e-37 1.17919e-36 6.83376e-11 1.34467e-36
1.7e-05 2267.35 0.000274524 0.000165373 0.000268246 0.000628913 0.000260986 0.000920879 7.594e-08 2.16777e-08 2.93031e-35 9.12611e-36 0.0040622 1.57613e-29 7.46052e-30 3.64961e-30 1.6026e-30 3.27335e-29 1.70564e-30 2.97594e-16 -1.37204e-15 5.78957e-22 4.15708e-25 3.19263e-29 6.10664e-30 4.0445e-31 8.10607e-39 3.28673e-37 8.57858e-38 -1.09408e-37 1.95674e-38 -4.48727e-39 -5.38355e-38 -6.36555e-37 -6.96277e-39 -9.37734e-38 -4.16238e-39 8.81131e-38 1.68566e-34 2.19682e-34 2.46429e-40 5.59506e-40 -1.05307e-40 -2.27904e-38 -7.75591e-39 -3.85768e-40 -5.90588e-39 7.19294e-41 8.0466e-39 6.5466e-39 2.17588e-38 -1.13942e-37 6.35283e-38 2.40149e-40 -2.7975e-40 -7.36789e-39 4.46881e-39 -5.25544e-37 4.63793e-38 -4.27316e-39 -2.9551e-38 -1.40207e-38 -5.3783e-40 9.65291e-40 1.45328e-39 7.82111e-40 6.94555e-38 4.65756e-40 1.20176e-38 2.77929e-39 4.47824e-38 1.42668e-38 -1.83837e-38 -7.60578e-39 1.48752e-38 -2.31537e-38 1.37499e-39 1.22546e-38 -2.79935e-40 1.02794e-38 -1.38387e-38 -8.47776e-39 1.58435e-40 1.26468e-42 -2.91738e-41 -2.55129e-41 5.7977e-41 -3.00655e-40 4.95853e-38 1.093e-41 2.74184e-40 -6.52091e-37 -2.71919e-38 -1.8749e-37 2.63662e-37 -7.15838e-37 6.79896e-11 1.1878e-36
1.725e-05 2272.79 0.000272172 0.000164943 0.000267162 0.000628466 0.000261733 0.000922112 7.54623e-08 2.15031e-08 2.96031e-35 9.21955e-36 0.0040622 1.34339e-29 6.15083e-30 2.9771e-30 1.28099e-30 2.60901e-29 1.36584e-30 2.39301e-16 -1.31374e-15 4.62495e-22 3.34667e-25 2.54892e-29 4.84907e-30 3.24972e-31 6.45184e-38 1.23319e-36 1.51567e-37 2.29141e-37 3.37913e-38 1.78099e-38 -8.67708e-38 -4.61368e-37 -1.72707e-38 1.269e-37 2.11937e-39 3.42638e-37 1.32573e-34 1.71736e-34 6.63438e-39 8.84979e-40 -2.44985e-39 -1.33772e-37 -1.83226e-38 1.98164e-39 -3.05267e-38 -1.59164e-39 1.79276e-38 1.6168e-38 3.75139e-38 -3.16642e-37 1.17547e-37 2.05715e-38 1.80177e-38 5.79121e-38 3.24033e-38 -1.22314e-36 3.36064e-37 3.74581e-39 -7.03215e-38 -7.82455e-38 -1.26193e-39 1.84075e-39 2.66294e-39 2.0554e-39 -1.2696e-38 -1.48013e-39 1.28247e-38 1.98151e-38 4.59983e-38 2.2897e-38 -2.45152e-38 -4.46675e-39 8.22698e-38 -3.55801e-38 1.09698e-38 2.65861e-38 6.17297e-39 5.68828e-38 -4.63305e-38 3.98266e-38 4.18512e-40 -4.73846e-40 -3.69669e-40 7.37337e-40 -3.5682e-40 1.21362e-39 -2.51422e-38 7.87722e-42 5.46685e-40 -1.58274e-36 -6.27472e-38 -4.40536e-37 6.31675e-37 -1.76349e-36 6.76408e-11 1.01647e-36
1.75e-05 2278.16 0.000269858 0.000164514 0.000266086 0.000628029 0.000262463 0.000923333 7.50013e-08 2.13303e-08 2.98881e-35 9.3083e-36 0.0040622 1.10092e-29 4.87549e-30 2.3421e-30 9.88135e-31 2.00746e-29 1.06028e-30 1.84774e-16 -1.25922e-15 3.54968e-22 2.5933e-25 1.96023e-29 3.70804e-30 2.52175e-31 6.78853e-38 1.9345e-36 1.77408e-37 3.38448e-37 4.83581e-38 2.20101e-38 -1.97293e-37 -1.19412e-36 -4.35495e-38 1.81764e-37 4.27197e-39 5.96958e-37 1.00688e-34 1.29458e-34 6.52643e-39 8.40793e-40 -3.30312e-39 -2.77863e-37 -3.60676e-38 2.76999e-39 -3.06337e-38 -1.39951e-39 3.52186e-38 3.41898e-38 5.69791e-38 -6.48068e-37 1.18423e-37 -1.46418e-38 4.7956e-39 4.57729e-38 2.33324e-38 -2.42048e-36 5.07552e-37 -1.40662e-39 -2.28581e-37 -9.77014e-38 -1.60517e-39 1.96287e-39 3.11375e-39 2.09193e-39 -2.59284e-38 -1.19495e-39 1.37261e-38 2.22599e-38 4.96303e-38 2.63565e-38 -2.82249e-38 -2.61439e-38 1.06785e-37 -3.56619e-38 6.09669e-39 2.99855e-38 6.11905e-39 1.54592e-37 -1.27036e-37 5.07193e-38 4.20016e-40 -4.52676e-40 -3.4834e-40 7.38697e-40 -3.66484e-40 1.27084e-39 -4.08845e-38 -7.1923e-42 9.35224e-40 -3.20241e-36 -1.23469e-37 -8.71451e-37 1.26116e-36 -3.53908e-36 6.72916e-11 8.35449e-37
1.775e-05 2283.47 0.000267581 0.000164086 0.000265018 0.000627601 0.000263176 0.000924544 7.45565e-08 2.11591e-08 2.95546e-35 9.20442e-36 0.0040622 8.48523e-30 3.63349e-30 1.74208e-30 7.21554e-31 1.46311e-29 7.85549e-31 1.33804e-16 -1.20825e-15 2.55775e-22 1.89311e-25 1.42216e-29 2.67344e-30 1.85517e-31 -7.95719e-38 -4.88397e-36 -1.04983e-36 -2.43084e-36 -2.21833e-37 -1.40395e-37 7.70497e-37 3.44163e-36 1.19091e-37 -4.60489e-37 -1.22762e-38 -2.10319e-36 7.24784e-35 9.21569e-35 -4.13656e-39 -1.71179e-39 1.11467e-38 7.43839e-37 1.35152e-37 -1.10333e-38 -3.73151e-38 2.16733e-39 -2.11958e-37 -1.57923e-37 -2.60909e-37 1.7119e-36 -7.00712e-37 3.77242e-37 -3.15067e-38 -4.04671e-38 1.17798e-37 7.70476e-36 -1.98898e-36 1.80027e-38 4.12152e-37 3.11139e-37 1.14755e-38 1.16976e-38 -1.45262e-38 9.01691e-39 1.90411e-37 1.0874e-38 6.81567e-38 -4.46392e-38 4.48588e-37 1.30505e-37 -1.55277e-37 4.69941e-37 -6.19039e-37 -9.81856e-39 7.09607e-38 1.84344e-37 -2.78124e-39 -9.94251e-37 8.42115e-37 -4.76348e-37 1.36901e-39 8.81236e-40 3.09319e-40 -1.7124e-39 2.30869e-39 -6.43932e-39 9.8211e-38 -1.04001e-40 -3.35083e-39 1.06237e-35 3.9794e-37 2.96511e-36 -4.28597e-36 1.22411e-35 6.69419e-11 6.34688e-37
1.8e-05 2288.72 0.000265341 0.000163657 0.000263958 0.000627183 0.000263874 0.000925743 7.41275e-08 2.09897e-08 2.95611e-35 9.20647e-36 0.0040622 5.85998e-30 2.42385e-30 1.17466e-30 4.78989e-31 9.70881e-30 5.38601e-31 8.61893e-17 -1.16063e-15 1.64351e-22 1.24252e-25 9.30687e-30 1.73609e-30 1.24495e-31 6.21427e-38 -1.05389e-37 5.91915e-37 3.15021e-38 3.98016e-38 -1.27044e-38 4.69078e-37 3.25459e-36 1.23071e-37 -5.46496e-38 -1.44093e-38 -4.90893e-37 4.75197e-35 5.94624e-35 1.82872e-40 2.69618e-40 3.22403e-39 5.10084e-37 4.34392e-38 -2.58477e-39 -7.70592e-39 -3.84255e-40 -2.94841e-38 -3.52679e-38 2.08137e-38 1.20486e-36 3.81656e-37 1.69239e-37 1.08861e-37 1.19634e-37 5.69553e-38 3.36508e-36 -3.85839e-37 4.10194e-39 8.03049e-37 3.0988e-38 -2.1943e-41 7.83735e-40 1.63942e-40 6.63668e-40 6.96262e-38 7.87846e-40 1.43668e-38 4.26255e-39 5.24859e-38 1.28301e-38 -2.09251e-38 2.94557e-38 -2.2962e-38 -1.64387e-38 9.3767e-39 8.07509e-39 -6.63383e-40 -1.96794e-37 1.45744e-37 -2.09125e-38 1.16111e-40 5.56384e-42 -2.56264e-41 -4.03366e-41 6.2884e-41 -2.98354e-40 4.05397e-38 9.56887e-41 -9.34933e-40 4.60794e-36 1.68024e-37 1.16042e-36 -1.72703e-36 4.88794e-36 6.65922e-11 4.45263e-37
1.825e-05 2293.9 0.000263137 0.00016323 0.000262907 0.000626775 0.000264555 0.000926933 7.3714e-08 2.0822e-08 2.95677e-35 9.2085e-36 0.0040622 3.13189e-30 1.24565e-30 6.37643e-31 2.58361e-31 5.26111e-30 3.1668e-31 4.17392e-17 -1.11618e-15 8.01626e-23 6.38168e-26 4.82077e-30 8.87517e-31 6.8655e-32 6.05178e-38 -1.81606e-36 -1.84854e-37 -3.24609e-37 -7.56349e-38 -9.09107e-39 6.669e-37 5.04441e-36 1.32293e-37 -1.90089e-37 -1.13852e-38 -1.11715e-36 2.54875e-35 3.07029e-35 2.77081e-40 4.72561e-40 4.22343e-39 6.74439e-37 7.61303e-38 -3.0658e-39 -6.38892e-39 -6.32379e-40 -7.09165e-38 -8.41751e-38 -9.13025e-38 1.67591e-36 -1.45611e-37 2.06228e-37 1.01138e-37 1.35881e-37 7.21533e-38 6.28271e-36 -4.26028e-37 4.28394e-38 7.413e-37 -1.67479e-38 -2.30395e-41 8.28505e-40 2.97559e-40 7.10397e-40 2.96891e-38 4.61826e-40 6.32641e-39 2.52048e-39 2.98253e-38 1.16106e-38 -1.56741e-38 1.86427e-38 8.25215e-39 -2.13059e-38 1.23757e-38 1.13448e-38 5.01271e-40 -3.24549e-37 2.45787e-37 5.45555e-39 1.00561e-40 -2.12742e-42 -1.38833e-41 2.20599e-41 -4.41478e-42 1.89151e-41 1.66437e-38 1.22151e-40 -1.97148e-39 8.57501e-36 3.11539e-37 2.11042e-36 -3.14282e-36 8.70342e-36 6.62424e-11 2.37539e-37
1.85e-05 2299.02 0.000260967 0.000162803 0.000261863 0.000626375 0.000265221 0.000928111 7.33156e-08 2.06561e-08 2.95741e-35 9.21052e-36 0.0040622 2.99611e-31 9.79954e-32 1.28978e-31 5.77737e-32 1.24569e-30 1.17324e-31 2.69582e-19 -1.07471e-15 2.70952e-24 7.69099e-27 7.28976e-31 1.20016e-31 1.75751e-32 6.3327e-38 -3.87015e-36 -4.16276e-37 -6.83416e-37 -1.17527e-37 -1.37248e-38 9.84356e-37 8.21666e-36 2.05129e-37 -2.62185e-37 -1.77389e-38 -1.8869e-36 6.05937e-36 5.48663e-36 2.26713e-40 7.92265e-40 6.29392e-39 1.00186e-36 1.25157e-37 -4.63042e-39 -7.23381e-39 -9.70229e-40 -1.158e-37 -1.40373e-37 -1.42977e-37 2.7441e-36 -3.1515e-37 3.21568e-37 1.4115e-37 1.89373e-37 1.04781e-37 1.01644e-35 -6.37714e-37 7.43711e-38 1.07751e-36 -5.14649e-38 -2.5566e-44 1.00701e-39 5.02946e-40 8.44932e-40 2.03699e-38 4.9655e-40 5.43179e-39 2.74836e-39 3.47292e-38 1.51118e-38 -2.11162e-38 3.01862e-38 1.77864e-38 -4.27728e-38 1.94083e-38 1.3911e-38 6.7625e-40 -5.63094e-37 4.23308e-37 9.09507e-39 1.05397e-40 -3.31888e-42 -1.36884e-41 2.69188e-41 -7.34957e-42 4.01643e-41 9.39557e-39 2.12706e-40 -3.29512e-39 1.42096e-35 5.04801e-37 3.46954e-36 -5.1963e-36 1.44786e-35 6.58927e-11 2.09341e-38
1.875e-05 2304.08 0.000258832 0.000162377 0.000260827 0.000625983 0.000265871 0.00092928 7.29321e-08 2.0492e-08 2.95805e-35 9.21251e-36 0.0040622 -2.63801e-30 -1.02e-30 -3.53234e-31 -1.2451e-31 -2.37609e-30 -6.16806e-32 -3.83947e-17 -1.03605e-15 -6.84789e-23 -4.4419e-26 -3.00018e-30 -5.73464e-31 -2.91304e-32 8.15776e-38 -6.30192e-36 -6.60743e-37 -1.13984e-36 -1.77718e-37 -2.04008e-38 1.44872e-36 1.30222e-35 3.1075e-37 -2.75957e-37 -2.62603e-38 -2.92433e-36 -1.10453e-35 -1.65764e-35 1.4994e-40 1.27857e-39 9.17558e-39 1.45756e-36 1.97135e-37 -6.73548e-39 -8.42017e-39 -1.4154e-39 -1.77873e-37 -2.21305e-37 -2.09901e-37 4.29431e-36 -5.29598e-37 4.89333e-37 2.03612e-37 2.70827e-37 1.52698e-37 1.5453e-35 -9.24357e-37 1.2093e-37 1.63913e-36 -1.11451e-37 2.6246e-41 1.22266e-39 8.44587e-40 1.00626e-39 2.04731e-38 6.01432e-40 5.94111e-39 3.76212e-39 4.29309e-38 2.02055e-38 -3.01532e-38 4.77058e-38 3.3938e-38 -8.12121e-38 2.96739e-38 1.62234e-38 8.02862e-40 -9.37789e-37 6.98941e-37 1.24697e-38 1.07096e-40 -5.02799e-42 -1.41581e-41 2.97416e-41 -8.48276e-42 4.67785e-41 8.32309e-39 3.44844e-40 -5.17629e-39 2.21267e-35 7.71626e-37 5.41392e-36 -8.13635e-36 2.28483e-35 6.55433e-11 -2.04421e-37
1.9e-05 2309.08 0.000256729 0.000161952 0.000259799 0.000625601 0.000266507 0.000930439 7.25631e-08 2.03296e-08 2.97535e-35 9.26638e-36 0.0040622 -5.68194e-30 -2.10919e-30 -8.10763e-31 -2.9008e-31 -5.63949e-30 -2.22324e-31 -7.44206e-17 -1.00002e-15 -1.33845e-22 -9.27877e-26 -6.39591e-30 -1.19937e-30 -7.1816e-32 1.4352e-37 -9.2032e-36 -9.07811e-37 -1.65648e-36 -2.49852e-37 -2.05378e-38 2.08642e-36 2.01112e-35 4.56387e-37 -9.77274e-38 -3.55387e-38 -4.32184e-36 -2.60775e-35 -3.58343e-35 3.52628e-39 2.15715e-39 1.18508e-38 2.0295e-36 3.04443e-37 -8.53519e-39 -2.33152e-38 -2.96294e-39 -2.63884e-37 -3.36541e-37 -2.90365e-37 6.43959e-36 -7.34498e-37 7.4237e-37 3.04658e-37 4.19909e-37 2.36555e-37 2.21992e-35 -1.25486e-36 1.9058e-37 2.4841e-36 -2.26108e-37 -1.68781e-40 1.83425e-39 1.74461e-39 1.80388e-39 -3.24549e-39 -5.335e-40 9.15858e-39 1.27992e-38 5.56162e-38 3.00451e-38 -4.45758e-38 8.98414e-38 7.9587e-38 -1.48443e-37 5.2496e-38 2.27503e-38 4.23027e-39 -1.54333e-36 1.14623e-36 3.39964e-38 2.40325e-40 -2.79892e-40 -2.15715e-40 4.30451e-40 -2.16598e-40 7.53766e-40 -1.61341e-38 5.32179e-40 -7.671e-39 3.26555e-35 1.12237e-36 8.14373e-36 -1.22427e-35 3.47903e-35 6.51943e-11 -4.38022e-37
1.925e-05 2314.02 0.00025466 0.000161528 0.000258779 0.000625226 0.000267129 0.000931588 7.22082e-08 2.0169e-08 2.99136e-35 9.31623e-36 0.0040622 -8.833e-30 -3.17043e-30 -1.24526e-30 -4.40391e-31 -8.57669e-30 -3.66401e-31 -1.07967e-16 -9.66475e-16 -1.93802e-22 -1.37672e-25 -9.48516e-30 -1.76362e-30 -1.10808e-31 2.00641e-37 -1.20817e-35 -1.02877e-36 -2.14186e-36 -3.17566e-37 -2.73689e-38 2.74859e-36 2.84319e-35 6.09598e-37 4.21258e-37 -4.52426e-38 -5.8832e-36 -3.92596e-35 -5.26013e-35 3.27e-39 3.19579e-39 1.52397e-38 2.55494e-36 4.40859e-37 -1.06914e-38 -2.41561e-38 -3.35768e-39 -3.56004e-37 -4.6976e-37 -3.60629e-37 8.76195e-36 -8.17722e-37 9.92691e-37 4.18647e-37 5.53221e-37 3.16541e-37 2.83416e-35 -1.57626e-36 2.65258e-37 3.4493e-36 -3.83481e-37 -1.31047e-40 2.04354e-39 2.54615e-39 1.92353e-39 -1.65036e-39 -2.16884e-40 1.09633e-38 1.57404e-38 6.69579e-38 4.04767e-38 -6.37667e-38 1.25514e-37 1.29521e-37 -2.51048e-37 7.36524e-38 2.4019e-38 4.31689e-39 -2.40707e-36 1.77234e-36 4.14065e-38 2.0633e-40 -2.65193e-40 -1.99118e-40 4.15361e-40 -2.11754e-40 7.50692e-40 -1.79383e-38 7.30674e-40 -1.01237e-38 4.29556e-35 1.46479e-36 1.11992e-35 -1.67635e-35 4.85218e-35 6.48457e-11 -6.80697e-37
1.95e-05 2318.91 0.000252621 0.000161105 0.000257767 0.000624859 0.000267737 0.000932727 7.18673e-08 2.00103e-08 3.00612e-35 9.36222e-36 0.0040622 -1.20919e-29 -4.20456e-30 -1.65826e-30 -5.76778e-31 -1.12171e-29 -4.95524e-31 -1.39186e-16 -9.35256e-16 -2.48739e-22 -1.79312e-25 -1.22928e-29 -2.2716e-30 -1.46405e-31 2.66631e-37 -1.46676e-35 -1.0261e-36 -2.52769e-36 -3.9886e-37 -3.32122e-38 3.39382e-36 3.75017e-35 7.56274e-37 1.46466e-36 -5.26633e-38 -7.46142e-36 -5.07919e-35 -6.71536e-35 2.93915e-39 4.63271e-39 1.79905e-38 2.97716e-36 6.10569e-37 -1.2372e-38 -2.40328e-38 -3.60962e-39 -4.55157e-37 -6.26462e-37 -4.18307e-37 1.09959e-35 -7.50915e-37 1.2313e-36 5.3843e-37 6.76561e-37 3.98146e-37 3.34709e-35 -1.79693e-36 3.43814e-37 4.42451e-36 -6.20457e-37 -9.91006e-41 2.28847e-39 3.70046e-39 2.06652e-39 6.16347e-39 1.34447e-40 1.29971e-38 1.96874e-38 8.02583e-38 5.49326e-38 -9.15574e-38 1.71711e-37 2.08759e-37 -4.07061e-37 1.02676e-37 2.43021e-38 4.37734e-39 -3.64735e-36 2.66608e-36 5.11402e-38 1.57999e-40 -2.51548e-40 -1.83834e-40 3.9251e-40 -2.01975e-40 7.14902e-40 -1.36522e-38 9.16431e-40 -1.22325e-38 5.18692e-35 1.76997e-36 1.43697e-35 -2.13198e-35 6.31105e-35 6.44979e-11 -9.31924e-37
1.975e-05 2323.74 0.000250614 0.000160682 0.000256763 0.0006245 0.00026833 0.000933856 7.15399e-08 1.98533e-08 3.0197e-35 9.4045e-36 0.0040622 -1.54592e-29 -5.21243e-30 -2.0512e-30 -7.00458e-31 -1.35874e-29 -6.11148e-31 -1.6822e-16 -9.06222e-16 -2.99019e-22 -2.17931e-25 -1.48416e-29 -2.72825e-30 -1.78884e-31 3.48495e-37 -1.58585e-35 -7.06115e-37 -2.47272e-36 -4.7081e-37 -3.60869e-38 3.92428e-36 4.5944e-35 8.77499e-37 3.30362e-36 -5.53591e-38 -8.65189e-36 -6.08533e-35 -7.97381e-35 2.66754e-39 6.57341e-39 1.9526e-38 3.20689e-36 8.03402e-37 -1.30829e-38 -2.36706e-38 -3.64141e-39 -5.49122e-37 -7.98642e-37 -4.37754e-37 1.26622e-35 -3.9768e-37 1.41222e-36 6.54283e-37 7.69884e-37 4.73657e-37 3.62048e-35 -1.77857e-36 4.09344e-37 5.26477e-36 -9.68751e-37 -7.84558e-41 2.57594e-39 5.30803e-39 2.24025e-39 1.74535e-38 5.90837e-40 1.61395e-38 2.5937e-38 9.65831e-38 7.55742e-38 -1.31224e-37 2.32978e-37 3.3104e-37 -6.368e-37 1.42116e-37 2.36944e-38 4.56346e-39 -5.38267e-36 3.91035e-36 6.51474e-38 9.09629e-41 -2.40833e-40 -1.69084e-40 3.72698e-40 -1.93359e-40 6.80425e-40 -6.85405e-39 1.04882e-39 -1.33948e-38 5.70971e-35 1.9619e-36 1.70073e-35 -2.49027e-35 7.56545e-35 6.41507e-11 -1.19159e-36
2e-05 2328.51 0.000248637 0.000160261 0.000255766 0.000624149 0.000268911 0.000934976 7.12259e-08 1.9698e-08 3.03213e-35 9.44321e-36 0.0040622 -1.89354e-29 -6.19486e-30 -2.42542e-30 -8.1255e-31 -1.57121e-29 -7.14587e-31 -1.95205e-16 -8.79237e-16 -3.44984e-22 -2.53741e-25 -1.71529e-29 -3.13811e-30 -2.08498e-31 4.31769e-37 -1.57688e-35 -3.04415e-37 -2.0236e-36 -5.8383e-37 -3.89603e-38 4.38279e-36 5.29346e-35 9.84575e-37 5.96052e-36 -5.45418e-38 -9.30516e-36 -6.96034e-35 -9.05753e-35 2.41322e-39 9.14058e-39 2.06731e-38 3.37355e-36 1.00007e-36 -1.36401e-38 -2.3301e-38 -3.63305e-39 -6.49636e-37 -1.011e-36 -4.42202e-37 1.38132e-35 -1.18639e-37 1.53032e-36 7.25684e-37 7.89679e-37 5.31347e-37 3.86177e-35 -1.45678e-36 4.63322e-37 5.77657e-36 -1.49604e-36 -7.56015e-41 2.90841e-39 7.48574e-39 2.4463e-39 3.26445e-38 1.20425e-39 2.09752e-38 3.54647e-38 1.16556e-37 1.04664e-37 -1.86926e-37 3.12598e-37 5.13474e-37 -9.66455e-37 1.94462e-37 2.18172e-38 4.91473e-39 -7.74848e-36 5.59931e-36 8.4761e-38 -2.05641e-43 -2.33517e-40 -1.54704e-40 3.5683e-40 -1.86224e-40 6.48926e-40 2.13559e-39 1.14922e-39 -1.41704e-38 6.08435e-35 2.0986e-36 1.88619e-35 -2.73127e-35 8.45661e-35 6.38044e-11 -1.4597e-36
