0 1800 0 0.00135407 0 0.00135407 0 0 0 0 0 0 0.0040622 0 0 0 0 0 0 0 0 0 0 0 0 0 0 0 0 0 0 0 0 0 0 0 0 0 0 0 0 0 0 0 0 0 0 0 0 0 0 0 0 0 0 0 0 0 0 0 0 0 0 0 0 0 0 0 0 0 0 0 0 0 0 0 0 0 0 0 0 0 0 0 0 0 0 0 0 0 0 0 0 0 0 0 0 0
1e-06 1799.96 1.29542e-07 0.00135384 3.25131e-08 0.00135393 3.68652e-08 1.28583e-07 3.35726e-08 2.96804e-10 -3.57751e-40 -1.11396e-40 0.0040622 -6.03119e-23 -1.44777e-23 7.05215e-24 6.34459e-24 -5.02608e-24 -1.46836e-25 -6.86277e-23 1.23583e-23 3.15233e-24 4.64013e-24 -2.24702e-26 3.0999e-27 9.52097e-26 -6.74639e-23 1.2008e-22 5.18301e-26 5.80176e-28 1.94052e-31 1.65323e-33 4.20743e-24 1.73783e-24 1.44005e-27 -6.50862e-30 2.06468e-29 6.70549e-26 2.33071e-29 1.60794e-31 -9.67644e-36 -5.30599e-41 2.1757e-27 -2.08581e-28 2.974e-33 6.97208e-35 2.36088e-32 -4.20096e-32 -3.83813e-37 9.33665e-38 2.39112e-38 -8.58829e-37 3.19946e-38 2.35567e-37 -4.21215e-37 -4.25697e-37 7.69743e-37 2.90154e-37 -8.88817e-38 3.70403e-38 9.02108e-37 -2.43257e-38 -2.82159e-39 -7.40984e-41 4.25813e-40 -2.48004e-41 2.04527e-37 -9.40082e-39 -9.17738e-38 -5.56522e-37 9.46852e-38 -4.54324e-37 -2.38879e-37 -1.0824e-36 -4.25258e-38 -2.42326e-37 -6.18466e-38 -1.00108e-38 1.46504e-38 -1.45859e-37 2.80099e-37 1.64787e-37 1.70712e-40 -6.80347e-43 1.22611e-40 -2.38013e-40 -4.82559e-38 1.55738e-38 -1.19306e-37 1.89155e-41 9.31416e-42 3.34609e-37 1.60811e-38 1.13822e-37 -1.44614e-37 2.11942e-37 4.32673e-19 -2.13663e-25
2e-06 1800.06 1.85909e-06 0.00135054 4.82488e-07 0.00135233 5.48451e-07 2.28974e-06 7.17159e-08 9.667e-10 9.80355e-40 3.0534e-40 0.0040622 3.53147e-17 -9.75119e-18 4.9324e-18 8.40791e-18 -5.69353e-18 5.4213e-19 1.56044e-16 -1.43261e-17 4.82272e-18 -6.40566e-18 -9.86123e-20 2.97847e-21 -7.33415e-20 -4.92647e-17 -3.4675e-17 1.43953e-20 -1.06169e-20 -2.02985e-25 -3.67384e-26 -5.34503e-19 -3.58672e-18 -3.4122e-21 -1.93849e-22 1.59242e-23 2.72513e-20 2.56259e-22 1.19027e-25 -1.35196e-28 -7.65086e-35 1.61467e-21 6.42579e-23 -7.15992e-28 9.23819e-29 6.98619e-27 -1.77036e-26 -4.79598e-34 -8.19115e-35 -1.60125e-33 1.75033e-29 3.22728e-29 -4.85498e-31 2.60709e-28 2.12454e-27 -1.86001e-25 1.09012e-31 3.86316e-34 -3.8938e-33 6.04723e-27 -6.58386e-31 -5.62283e-39 -2.60729e-41 -6.51145e-40 2.8596e-42 -1.30065e-24 -1.06747e-27 -3.01602e-25 -2.36866e-27 6.38511e-33 -5.12479e-31 -7.0433e-33 -2.11561e-31 -2.41065e-33 -2.20663e-33 -1.66581e-35 -5.33185e-37 3.95914e-39 4.82357e-37 2.64656e-36 3.60049e-37 9.57459e-40 5.64878e-40 -4.07785e-41 -6.10474e-40 -3.12581e-37 2.047e-38 -4.35562e-24 -2.04703e-36 1.04257e-36 2.23678e-36 6.03328e-38 6.38897e-37 -8.05522e-37 5.34865e-37 9.51871e-17 -1.63426e-19
3e-06 1801.96 2.35475e-05 0.00130872 6.23519e-06 0.0013323 7.03222e-06 2.99901e-05 1.31325e-07 1.88739e-09 4.16041e-39 1.29573e-39 0.0040622 -1.68206e-15 -9.62196e-16 3.13126e-16 -1.4327e-15 1.89377e-15 -5.64964e-18 -3.48673e-15 9.16675e-16 1.62985e-16 6.64612e-16 3.7115e-17 -2.03382e-19 -1.35894e-17 -1.71019e-15 3.36526e-15 1.38769e-18 5.84002e-20 1.66057e-23 -5.74151e-24 1.17143e-16 5.50715e-17 4.86466e-20 2.69757e-22 5.05582e-22 1.73374e-18 -3.68808e-20 -1.50073e-23 3.34482e-27 2.68452e-33 5.48039e-20 -2.8799e-21 1.18242e-25 -2.88243e-26 8.70422e-25 -5.57979e-25 3.26644e-29 -1.5325e-30 6.64682e-29 5.88603e-25 8.85418e-27 -1.06143e-25 -1.69911e-22 -2.76859e-22 -6.48796e-21 8.83298e-27 2.57109e-29 -9.19473e-29 8.87575e-23 -1.94311e-26 -1.85222e-36 -6.00118e-40 7.94729e-35 5.38678e-39 3.50236e-21 -1.96374e-23 -6.02854e-21 5.34644e-23 2.47305e-27 3.95852e-26 2.32215e-27 6.00975e-27 3.58594e-28 2.18357e-28 5.89577e-30 1.9565e-33 3.10808e-35 -4.92926e-32 -2.35872e-31 -5.05469e-33 1.00591e-37 -1.3033e-37 -1.31045e-38 -1.23073e-36 -3.58149e-36 6.83258e-37 -2.23792e-19 2.96941e-31 1.04984e-31 3.43802e-32 -7.91735e-35 1.76526e-35 -3.00004e-35 -1.90266e-32 1.96582e-14 -5.37326e-18
4e-06 1817.38 0.000181376 0.00099311 5.59124e-05 0.00117637 5.78978e-05 0.00024123 1.65405e-07 6.21657e-09 -1.67231e-36 -5.20821e-37 0.0040622 2.18852e-12 3.70759e-13 -1.84177e-13 -1.4605e-13 1.22253e-13 1.7542e-15 -1.36264e-13 -3.5433e-13 -6.91318e-14 -1.00364e-13 1.13719e-15 -3.94822e-17 -1.45e-15 1.20104e-12 -1.95993e-12 -4.98575e-16 -2.9303e-18 3.20316e-22 -4.23998e-23 -8.05691e-14 -3.2324e-14 -1.70313e-17 1.10295e-19 -1.93463e-19 -9.72569e-16 -9.86188e-19 -1.56644e-21 1.80886e-25 3.4646e-31 -3.09975e-17 3.0024e-18 -2.08474e-23 8.5344e-25 -9.08431e-23 1.63053e-22 -6.26634e-27 -1.50625e-27 -6.97235e-27 -1.22585e-23 -1.91355e-23 -8.79951e-24 -2.94888e-21 -5.99242e-21 -1.80393e-20 3.71736e-27 -1.84622e-27 -1.64709e-28 4.51059e-22 -1.50967e-24 -1.94631e-33 -9.65266e-38 -3.53807e-33 -1.57537e-37 -1.85837e-18 -1.78087e-21 -1.0271e-19 -4.28963e-22 4.10447e-26 3.59216e-25 1.80013e-26 4.25945e-25 1.09599e-26 8.58674e-27 1.40362e-27 1.59517e-31 1.5556e-32 8.31539e-29 4.57503e-28 1.8289e-31 2.48402e-33 5.78645e-33 3.8529e-37 -8.59257e-34 6.28873e-34 -6.95615e-36 -2.33968e-18 9.2859e-30 1.01221e-29 -7.36742e-29 6.64591e-34 1.67277e-34 -2.63781e-34 2.09151e-30 3.40572e-12 3.57825e-15
5e-06 1856.29 0.000439535 0.000383411 0.000206449 0.000835104 0.000160634 0.000670464 1.63221e-07 2.521e-08 -1.41196e-36 -4.3974e-37 0.0040622 -2.13309e-13 8.51203e-15 -8.552e-15 3.23876e-15 -1.73738e-14 -3.26388e-15 4.06434e-13 -3.2911e-13 -4.47096e-15 -4.64638e-15 -2.01884e-16 5.18164e-18 3.06877e-16 -1.00295e-13 1.49954e-13 1.06495e-16 -5.85374e-17 -5.60029e-20 -3.66511e-21 3.85206e-15 2.06795e-15 1.84962e-18 -4.84165e-19 3.69599e-20 9.81335e-17 -4.11588e-19 3.1113e-22 -5.27533e-24 -1.07918e-29 4.09895e-18 -5.11112e-18 -5.89402e-22 -1.83942e-22 -3.54837e-21 -3.99011e-21 -5.7081e-26 -1.83516e-26 -4.2678e-26 -4.15983e-23 -1.70776e-23 -8.81425e-24 -4.26479e-22 -9.82262e-22 2.13371e-21 1.21323e-25 -4.48182e-26 -1.10184e-27 5.18688e-22 -3.49445e-24 -1.64299e-32 -1.24266e-36 -1.42307e-32 -2.30004e-37 -1.75006e-19 -1.06106e-22 -3.70694e-20 9.51545e-21 2.85187e-24 1.25273e-23 1.62819e-26 2.56047e-24 3.26068e-26 2.18855e-26 9.39405e-27 4.3966e-31 1.02601e-31 6.86731e-28 3.03805e-27 6.50216e-30 4.61832e-32 8.44768e-32 2.98407e-34 1.54462e-32 2.46067e-33 3.39075e-35 3.26079e-20 2.1891e-28 1.58019e-28 -5.92821e-28 -1.26037e-32 -8.25065e-34 4.6446e-34 9.5527e-30 5.14839e-11 -3.09216e-16
6e-06 1901.09 0.00046478 0.000185381 0.00031313 0.000681293 0.000191767 0.000840312 1.37462e-07 3.06629e-08 -1.19795e-36 -3.73092e-37 0.0040622 1.9218e-14 6.50146e-16 4.8444e-17 -4.12763e-16 1.82324e-15 6.85964e-16 2.46882e-13 -2.88187e-13 8.2078e-16 1.06795e-15 1.75182e-17 -1.25335e-18 -5.71525e-17 9.01535e-15 -2.46525e-14 -2.60275e-17 1.1054e-17 9.68572e-21 6.11174e-22 -8.33257e-16 -4.33279e-16 -4.5522e-19 1.08048e-19 -8.03286e-21 -2.30136e-17 3.74491e-20 -1.5096e-22 6.60145e-25 2.73844e-30 -7.08116e-19 1.08961e-18 4.32928e-21 3.53386e-23 6.88411e-22 7.02808e-22 8.49883e-27 3.37667e-27 5.69701e-27 4.86459e-24 1.80901e-24 9.19699e-25 4.93421e-23 1.10422e-22 -2.45478e-22 -2.3167e-24 1.12601e-26 3.13159e-28 -8.99109e-23 5.67441e-25 2.37288e-33 -4.48847e-37 1.29739e-32 -2.90439e-37 3.25055e-20 7.90969e-24 4.45852e-21 -8.45276e-22 -3.11832e-25 -1.1118e-24 -1.79649e-25 -3.25176e-25 -4.45809e-27 -3.30624e-27 -1.1947e-27 -2.89069e-31 -1.19935e-32 -5.79122e-29 -4.49053e-28 -1.37186e-30 -3.5254e-33 -9.60474e-33 -7.4661e-35 -3.24667e-33 -2.92085e-34 -5.25791e-36 1.8671e-21 5.17905e-29 5.09906e-27 9.1123e-26 5.09055e-31 6.81194e-33 -2.02787e-33 -9.11431e-30 7.62414e-11 3.5497e-17
7e-06 1946.15 0.000434771 0.000180923 0.000320041 0.000666276 0.000199128 0.000856101 1.2627e-07 2.95584e-08 8.5431e-36 2.66065e-36 0.0040622 -1.67658e-15 -9.67762e-17 8.71964e-17 9.00374e-17 -1.72635e-16 -1.52544e-16 1.93663e-13 -2.5129e-13 -6.22643e-17 -6.56848e-17 -4.61835e-19 2.95512e-19 1.07381e-17 -7.75729e-16 4.6598e-15 4.92659e-18 -2.09675e-18 -1.61819e-21 -9.60111e-23 1.97334e-16 9.97341e-17 8.57789e-20 -2.52735e-20 1.45194e-21 4.98746e-18 -3.11526e-21 4.06613e-23 -9.30949e-26 -8.50556e-30 1.23145e-19 -2.4049e-19 -4.02567e-20 -6.31154e-24 -1.27582e-22 -1.29909e-22 -1.20061e-27 -5.24048e-28 -7.10053e-28 -5.37328e-25 -4.92186e-25 -1.99398e-25 -3.07849e-24 -1.04811e-23 2.56367e-23 6.10206e-23 -1.54645e-26 -3.7665e-28 9.4434e-24 3.65374e-24 -1.73271e-33 1.75579e-36 -4.25531e-32 3.23563e-37 -6.44811e-21 -3.71179e-24 -6.53162e-22 6.94048e-23 1.40397e-26 7.63399e-26 -2.70726e-25 3.69618e-26 5.81043e-28 3.4396e-28 1.31893e-28 3.11376e-32 9.22477e-33 -3.00228e-29 7.11443e-29 5.95379e-31 -2.09157e-33 4.09796e-34 2.43638e-35 1.02447e-33 2.25265e-36 8.47069e-37 -1.84866e-21 -2.29517e-26 -1.34273e-24 -1.71538e-23 -2.95017e-29 -8.08358e-32 1.21598e-32 2.43776e-29 7.50717e-11 -3.07443e-18
8e-06 1987.96 0.000412743 0.000179544 0.000313974 0.00066078 0.00020848 0.000863822 1.17929e-07 2.93735e-08 1.92915e-35 6.00813e-36 0.0040622 1.38598e-16 -5.08197e-18 -2.21565e-17 -1.98139e-17 1.2515e-17 3.27768e-17 1.6528e-13 -2.14802e-13 -8.52383e-18 -2.06884e-17 -2.57473e-19 -6.61685e-20 -2.04058e-18 6.22514e-17 -9.31705e-16 -8.92336e-19 3.87878e-19 2.48046e-22 1.36377e-23 -4.40416e-17 -2.29276e-17 -1.41974e-20 6.84168e-21 -5.2079e-22 -9.86566e-19 2.0365e-22 -9.22381e-24 1.04467e-26 2.58041e-29 -2.25101e-20 5.27261e-20 3.10077e-19 9.73095e-25 2.28856e-23 2.45071e-23 2.99134e-26 9.49398e-27 2.76225e-26 4.25977e-23 7.93554e-23 1.98046e-23 -5.14092e-22 -4.65851e-22 -2.77441e-22 -1.54217e-21 2.46719e-24 5.91381e-26 9.91192e-22 -7.2831e-22 2.00095e-31 1.06662e-35 3.86809e-31 1.13315e-36 1.27452e-21 9.53676e-25 1.07608e-22 -4.82557e-24 4.49579e-27 -2.35711e-27 -1.48571e-25 5.56332e-26 -9.72637e-28 -2.08208e-27 1.57452e-28 -8.63999e-32 -9.91877e-33 7.29608e-30 3.96925e-29 -6.87146e-31 3.53424e-34 7.71782e-34 -2.50491e-35 -9.97631e-34 -8.27112e-36 -4.21624e-37 5.98409e-22 3.04088e-24 1.76139e-22 2.7906e-21 1.63257e-27 8.45917e-31 -6.59023e-32 -6.05485e-29 7.58569e-11 2.3383e-19
9e-06 2026.52 0.000391966 0.000178545 0.000309107 0.000655562 0.000216335 0.000871286 1.10617e-07 2.8764e-08 2.81861e-35 8.77826e-36 0.0040622 -9.21342e-18 3.84423e-18 5.18527e-18 4.26665e-18 6.0299e-20 -6.86924e-18 1.30382e-13 -1.82081e-13 5.28443e-18 1.01573e-17 1.10206e-19 1.41666e-20 3.86648e-19 -3.94465e-18 1.90136e-16 1.54514e-19 -6.11645e-20 3.09244e-22 7.30018e-24 9.62862e-18 5.22254e-18 -1.04094e-20 -8.04593e-21 1.48589e-21 1.82595e-19 -4.76132e-24 1.86097e-24 6.75555e-26 -3.28317e-29 4.20915e-21 -1.44805e-20 -1.62847e-18 1.51544e-24 -3.23219e-24 -5.74712e-24 -2.64085e-24 -1.04916e-24 -3.17049e-24 -6.4635e-21 -8.26668e-21 -1.55177e-21 3.48136e-20 3.11571e-20 1.89549e-20 3.07449e-20 -1.86502e-22 -4.5067e-24 -6.75061e-20 5.66058e-20 -1.34202e-29 -7.35902e-34 -2.17258e-29 -4.15103e-35 -2.5108e-22 -2.03752e-25 -1.89267e-23 8.9636e-26 -3.68484e-25 -1.86554e-25 -5.66139e-27 -3.24939e-24 6.46343e-26 1.41213e-25 -8.55466e-27 6.39002e-30 3.87784e-31 5.88151e-28 -2.53319e-27 2.81938e-29 2.46897e-32 -2.53491e-32 9.31245e-34 3.58572e-32 7.72513e-34 1.11419e-35 -1.54677e-22 -1.32743e-22 -9.04011e-21 -1.94876e-19 -7.01708e-26 -6.54541e-30 2.66289e-31 7.94537e-29 7.57116e-11 -1.46215e-20
1e-05 2062.32 0.000373438 0.000177212 0.000303936 0.000651073 0.000223461 0.000878324 1.04376e-07 2.80949e-08 2.74806e-35 8.55852e-36 0.0040622 -3.40825e-20 -1.20391e-18 -1.19882e-18 -9.44058e-19 -1.03163e-19 1.37861e-18 1.017e-13 -1.53029e-13 -1.08756e-18 -4.08178e-18 -1.82647e-19 -3.59707e-21 -7.54582e-20 -4.60407e-19 -4.11513e-17 1.48519e-19 -2.2826e-19 -3.02274e-21 -1.05699e-22 -2.18189e-18 -1.00916e-18 3.92573e-20 2.27977e-20 -4.02373e-21 8.83163e-20 3.78707e-24 -4.11729e-25 -1.20304e-24 1.32905e-29 -5.53565e-22 6.41885e-20 4.77386e-18 -2.81859e-23 -1.73562e-23 1.93312e-23 6.85681e-23 3.13541e-23 9.72118e-23 2.39714e-19 2.56193e-19 3.80609e-20 -7.07881e-19 -6.26627e-19 -3.92657e-19 -3.90062e-19 4.36019e-21 1.06058e-22 1.40468e-18 -1.36915e-18 2.70614e-28 2.08919e-32 4.43511e-28 9.33531e-34 5.17614e-23 1.29841e-25 4.41323e-24 1.74337e-24 6.42852e-24 3.28482e-24 -2.66345e-25 5.34277e-23 -1.39612e-24 -3.0445e-24 1.30157e-25 -1.23191e-28 -6.29606e-30 -1.55274e-26 3.93697e-26 -4.45953e-28 -5.81767e-31 2.66898e-31 -1.31219e-32 -4.9537e-31 -1.56037e-32 -1.24898e-34 3.71232e-23 1.36174e-21 1.3949e-19 4.53929e-18 1.88557e-24 3.08329e-29 -6.72254e-31 7.24872e-28 7.53443e-11 -2.0938e-22
1.1e-05 2095.68 0.000356563 0.000175784 0.000298835 0.000647098 0.00022985 0.000884999 9.89535e-08 2.73399e-08 2.72729e-35 8.49386e-36 0.0040622 8.33606e-19 8.72115e-19 4.72532e-19 3.89226e-19 -1.12421e-18 -2.13539e-19 7.70325e-14 -1.27775e-13 4.84092e-19 6.26978e-18 8.86623e-19 2.91611e-21 2.73782e-20 2.27137e-18 1.75558e-17 -1.17691e-18 1.48567e-18 2.14782e-20 9.4514e-22 9.4228e-19 -7.35801e-19 -5.07006e-20 -1.14958e-20 4.87669e-21 -7.726e-19 6.54683e-24 4.06647e-25 1.17876e-23 2.05248e-30 -1.27127e-21 -3.33645e-19 -6.35158e-18 2.76076e-22 1.36042e-22 -5.0094e-23 -4.37443e-22 -2.24644e-22 -7.10695e-22 -2.05815e-18 -1.92307e-18 -2.34192e-19 3.32586e-18 2.93925e-18 1.88716e-18 2.54724e-18 -2.46456e-20 -6.02332e-22 -7.02659e-18 8.03947e-18 -1.26189e-27 -1.34372e-31 -2.08319e-27 -4.7113e-33 -1.83614e-23 -3.46822e-25 -4.24122e-24 -5.66972e-24 -2.46896e-23 -1.31738e-23 1.62538e-24 -2.02266e-22 6.89249e-24 1.52562e-23 -4.56873e-25 5.58232e-28 2.28948e-29 8.7319e-26 -1.46414e-25 1.5861e-27 2.86433e-30 -6.05225e-31 4.16397e-32 1.55012e-30 7.22669e-32 2.92755e-34 -1.13681e-23 -1.96305e-21 -4.86744e-19 -2.7486e-17 -2.55258e-23 -7.20501e-29 8.66717e-31 -4.82925e-27 7.47009e-11 2.18133e-21
1.2e-05 2126.87 0.000341169 0.000174251 0.000293783 0.000643574 0.000235606 0.000891353 9.42296e-08 2.65439e-08 4.07565e-35 1.26931e-35 0.0040622 -2.8631e-18 -2.89777e-18 -1.2455e-18 -9.27281e-19 3.00444e-19 -3.41794e-19 5.35235e-14 -1.07161e-13 -2.7053e-18 -2.63784e-17 -4.26926e-18 -9.53665e-21 -6.60418e-20 -9.36108e-18 -3.92305e-17 4.46743e-18 -9.75553e-18 -1.67222e-19 -7.37079e-21 -1.99257e-18 4.56805e-18 -1.28103e-19 -2.7732e-19 -1.14418e-20 3.16871e-18 -1.91106e-22 -1.66553e-24 -9.0272e-23 -3.94965e-29 6.04627e-21 1.38568e-18 6.27865e-18 -2.093e-21 -9.28811e-22 -6.50745e-23 1.50503e-21 8.29656e-22 2.63255e-21 8.15499e-18 9.00712e-18 1.02593e-18 -1.42536e-17 -1.23819e-17 -8.0801e-18 -1.25767e-17 1.10823e-19 2.66493e-21 2.52993e-17 -3.87796e-17 5.14061e-27 2.30007e-32 7.5992e-27 1.65059e-32 1.84494e-23 7.56034e-25 7.98901e-24 1.18253e-23 6.463e-23 3.92519e-23 -8.96191e-24 6.72681e-22 -3.02756e-23 -6.01313e-23 1.42085e-24 -2.39417e-27 -1.19684e-28 -1.96485e-25 3.90123e-25 -6.35681e-27 -4.81667e-30 1.77575e-30 -1.3376e-31 -4.82768e-30 -1.40523e-31 -2.19989e-33 6.78742e-24 -6.34455e-21 1.5442e-18 6.705e-17 2.5755e-22 1.28646e-28 -9.28901e-31 1.02077e-26 7.38591e-11 -7.49034e-21
1.3e-05 2156.14 0.000327048 0.000172651 0.000288823 0.000640428 0.000240803 0.000897419 9.00962e-08 2.57275e-08 6.58254e-35 2.05006e-35 0.0040622 6.19552e-18 6.47934e-18 4.16978e-18 2.25811e-18 9.61065e-18 1.39682e-18 4.59373e-14 -8.62974e-14 1.34589e-17 5.75485e-17 7.48494e-18 2.01395e-20 1.56431e-19 1.59629e-17 9.16218e-17 -5.74895e-18 2.83146e-17 1.2629e-18 3.12449e-20 4.7213e-18 -1.09736e-17 6.84713e-19 2.11655e-18 2.1625e-20 -5.76475e-18 5.46005e-22 3.41017e-24 2.66433e-22 1.97086e-28 -1.49047e-20 -3.09739e-18 -1.84604e-18 6.89411e-21 2.92125e-21 8.31728e-22 -2.07918e-21 -1.39397e-21 -3.8787e-21 -1.33898e-17 -1.58579e-17 -1.70468e-18 1.65692e-17 2.00944e-17 1.06886e-17 2.04281e-17 -1.81748e-19 -4.94535e-21 -2.74502e-17 5.89908e-17 -3.19739e-27 -1.09301e-31 -4.42806e-27 -1.30855e-32 -4.57954e-23 -2.25109e-24 -2.15192e-23 -2.90186e-23 -1.02096e-22 -5.66461e-23 1.14963e-23 -6.00798e-22 2.9851e-23 5.89659e-23 -1.17813e-24 1.40639e-27 1.30071e-28 1.25409e-25 -2.80009e-25 4.59957e-27 2.54084e-30 -9.44371e-31 7.39606e-32 2.8652e-30 8.08238e-32 2.96257e-33 -1.49469e-23 2.04617e-21 -5.60031e-19 -5.0486e-17 -8.23334e-22 -7.38085e-29 8.7306e-32 -7.33168e-27 7.28606e-11 2.86802e-20
1.4e-05 2183.68 0.000314043 0.000171003 0.000283969 0.000637608 0.000245504 0.000903222 8.64716e-08 2.49085e-08 7.58549e-35 2.36241e-35 0.0040622 -1.00975e-18 -9.71193e-19 -6.85155e-19 -1.96608e-19 -1.36912e-18 -4.03866e-19 3.12189e-14 -7.13043e-14 -1.4334e-18 -1.03313e-17 -1.24179e-18 -1.23766e-21 -2.96241e-20 -2.43779e-18 -1.76008e-17 1.22021e-18 -7.3463e-18 -6.72241e-19 -2.48398e-20 -3.54718e-19 5.15574e-18 -4.47965e-20 -1.77936e-18 -2.13665e-20 1.82929e-18 -4.81852e-22 -1.49025e-24 -2.58246e-22 -1.94063e-28 1.05358e-20 1.91117e-18 1.9034e-19 -6.34418e-21 -1.94164e-21 -1.12843e-21 5.11216e-22 3.5394e-22 1.04326e-21 3.61122e-18 3.84865e-18 4.13245e-19 -1.78493e-18 -2.8165e-18 -1.54432e-18 -1.21929e-17 3.40824e-20 9.65845e-22 3.85805e-18 -9.88606e-18 6.80791e-28 4.74491e-31 2.82609e-28 3.70076e-33 1.41993e-23 4.75963e-25 6.08897e-24 6.32015e-24 1.07838e-23 7.51878e-24 -1.68521e-24 5.96336e-23 -2.95857e-24 -6.55489e-24 1.14479e-25 -5.31728e-29 -1.16945e-29 -1.22981e-26 2.36808e-26 -3.41617e-28 -2.01839e-31 6.45449e-32 -4.25834e-33 -1.84773e-31 -9.14934e-33 -2.74718e-34 5.16987e-24 5.50547e-22 1.19409e-20 9.24766e-18 9.49879e-22 1.54083e-29 -4.01761e-32 8.94802e-28 7.17432e-11 -5.47571e-21
1.5e-05 2209.66 0.000302021 0.000169323 0.000279234 0.000635067 0.000249764 0.000908786 8.32911e-08 2.40988e-08 8.09666e-35 2.52161e-35 0.0040622 2.02104e-19 2.29966e-19 2.15429e-19 8.73699e-20 1.24178e-18 1.17845e-19 1.90698e-14 -5.92551e-14 1.00809e-18 2.22758e-18 1.63682e-19 8.49833e-22 6.88177e-21 3.69717e-19 3.57274e-18 -1.4592e-19 1.63678e-18 2.55939e-19 4.89136e-21 1.51606e-19 -1.09933e-18 4.34798e-20 5.54911e-19 3.24894e-21 -2.75725e-19 2.17568e-23 1.72737e-25 1.87277e-23 2.9498e-29 -2.1249e-21 -3.95459e-19 -2.72288e-21 8.47149e-22 3.45443e-22 1.05457e-22 -8.26044e-23 -1.0085e-22 -1.45262e-22 -5.21805e-19 -6.17143e-19 -7.3857e-20 1.49404e-19 3.66757e-19 1.25449e-19 1.79947e-19 -4.30771e-21 -1.3471e-22 -6.65303e-19 9.06908e-19 -2.5519e-29 -3.37268e-33 -3.80622e-30 -2.0234e-34 -3.97347e-24 -8.87489e-26 -1.30222e-24 -9.32545e-25 -1.36785e-24 -8.59837e-25 1.60907e-25 -5.02935e-24 1.66668e-25 3.84343e-25 -9.61088e-27 -3.3212e-30 8.27938e-31 1.40194e-28 -1.4387e-27 1.42162e-29 4.14992e-33 -4.97041e-33 1.92012e-34 8.69592e-33 5.79251e-34 2.89625e-35 -1.64959e-24 -2.27754e-23 -1.45895e-22 -2.17856e-19 -1.72307e-23 -2.08938e-31 8.39552e-34 -3.78932e-29 7.05375e-11 8.37159e-22
1.6e-05 2234.23 0.000290869 0.000167623 0.000274623 0.000632771 0.00025363 0.000914129 8.05022e-08 2.33072e-08 8.25181e-35 2.56993e-35 0.0040622 -3.58057e-20 -4.17625e-20 -4.39056e-20 -1.77518e-20 -1.66633e-19 -2.81031e-20 9.56998e-15 -4.97389e-14 -1.0928e-19 -3.63037e-19 -1.63933e-20 -1.47331e-22 -1.32734e-21 -3.90489e-20 -7.11968e-19 -1.13935e-21 -2.65411e-19 -8.97443e-21 -4.74588e-22 -3.42358e-20 2.09842e-19 -3.4167e-21 -1.12275e-19 -6.13167e-22 2.95771e-20 -1.39752e-24 -1.84145e-26 -8.77986e-25 -1.58255e-30 4.05924e-22 7.46474e-20 3.17834e-23 -8.99644e-23 -4.8592e-23 -5.70656e-24 9.79731e-24 1.10257e-23 1.55276e-23 5.02417e-20 4.55448e-20 9.09036e-21 4.05033e-21 -2.8045e-20 1.94282e-22 -8.85626e-22 4.89875e-22 1.53415e-23 6.53662e-20 -7.09401e-20 -3.42296e-30 -5.95679e-34 -3.64806e-30 -2.67189e-35 9.58898e-25 1.17844e-26 2.28664e-25 1.16059e-25 1.67854e-25 8.67504e-26 -1.21663e-26 4.56628e-25 -3.55998e-27 -1.43958e-26 8.25649e-28 9.08365e-31 -1.76036e-32 3.0215e-29 1.11883e-28 8.7037e-32 9.22053e-34 9.10312e-34 -1.37642e-35 -6.17973e-34 3.99234e-36 -2.59775e-36 4.7355e-25 6.90875e-23 2.23884e-23 3.847e-21 4.66144e-26 1.99825e-33 -1.45212e-35 1.36859e-30 6.92687e-11 -1.15158e-22
1.7e-05 2257.5 0.000280495 0.000165915 0.000270141 0.000630688 0.000257144 0.00091927 7.80618e-08 2.25394e-08 8.24004e-35 2.56627e-35 0.0040622 3.16923e-21 4.06543e-21 6.72495e-21 2.17089e-21 1.19625e-20 5.72004e-21 2.16163e-15 -4.23341e-14 1.89696e-20 2.92217e-20 -9.15955e-22 1.34194e-23 1.79824e-22 -7.91323e-21 1.11791e-19 6.11086e-21 4.12014e-20 1.87993e-22 3.76608e-23 5.12895e-21 -3.54141e-20 4.76115e-22 2.12071e-20 1.14509e-22 2.54631e-22 -3.30474e-26 1.13337e-27 2.39166e-26 5.88747e-32 -7.2465e-23 -1.31026e-20 -1.5953e-24 8.90056e-24 6.36297e-24 -6.25884e-26 -8.47725e-25 -9.84258e-25 -1.08726e-24 -3.26782e-21 -3.3115e-22 -5.07432e-23 -2.08641e-20 -1.34918e-20 -1.32758e-20 1.48165e-22 2.28651e-24 2.82188e-25 2.73928e-20 -1.58106e-20 7.8396e-30 1.55328e-34 8.41532e-30 5.52287e-35 -2.22936e-25 -1.95835e-27 -4.15055e-26 -2.74278e-26 -7.0327e-26 -1.36535e-26 4.35106e-28 -1.24104e-25 -1.05015e-27 -1.50178e-27 -1.73836e-28 1.15614e-31 1.79802e-32 -6.56706e-30 -4.07093e-29 9.02269e-31 -9.57155e-35 -7.3542e-34 3.29577e-35 1.11619e-33 1.39103e-35 1.18239e-36 -1.31395e-25 -1.95982e-22 -2.87209e-23 -1.03187e-21 -1.59177e-26 -1.39789e-34 1.24638e-36 -3.49499e-31 6.79551e-11 1.16805e-23
1.8e-05 2279.61 0.000270816 0.000164207 0.000265787 0.000628794 0.000260341 0.000924222 7.59339e-08 2.17992e-08 8.34673e-35 2.59949e-35 0.0040622 2.28249e-20 2.45109e-20 9.75986e-21 7.31215e-21 4.2492e-20 1.09863e-21 -3.52047e-15 -3.66448e-14 3.75767e-20 2.23496e-19 3.44605e-20 8.34033e-23 3.62278e-22 1.02149e-19 2.14769e-19 -3.7217e-20 3.40352e-20 -4.59656e-22 -7.71801e-24 1.34569e-20 -3.26301e-20 2.08017e-21 -4.66315e-21 -2.38396e-23 -3.06401e-20 7.15902e-25 8.84789e-27 2.92119e-26 -1.28405e-33 -1.60804e-23 -4.26661e-21 1.60528e-24 -3.37223e-25 7.66981e-25 -1.96465e-24 -4.10301e-24 -2.57181e-24 -8.03153e-24 -2.03852e-20 -6.11941e-20 -8.67709e-21 1.56443e-19 1.18215e-19 9.93305e-20 -1.13985e-21 -7.23251e-22 -2.41176e-23 -2.59279e-19 3.06754e-19 -7.13846e-29 -1.03841e-34 -8.85491e-29 -5.27461e-34 1.99991e-25 7.46372e-27 8.03597e-26 1.83832e-25 7.16653e-25 7.09467e-26 -4.90079e-27 1.12924e-24 -3.26196e-26 -4.09759e-26 1.75062e-27 -4.65878e-30 -3.38623e-31 -1.22402e-28 5.47938e-28 -1.7097e-29 -9.62931e-33 5.45645e-33 -4.9118e-34 -1.64752e-32 -4.41193e-34 -1.34955e-35 1.41729e-25 2.29894e-21 2.2992e-22 4.60822e-20 1.99054e-25 2.85243e-34 6.62997e-36 1.29629e-29 6.66158e-11 1.15869e-23
1.9e-05 2300.63 0.000261763 0.000162503 0.000261562 0.000627065 0.000263253 0.000928997 7.40883e-08 2.10887e-08 8.50028e-35 2.64731e-35 0.0040622 1.23387e-19 1.46826e-19 7.75687e-20 2.60885e-20 7.15975e-20 -4.70324e-21 -7.80399e-15 -3.23138e-14 4.63603e-19 1.71265e-18 4.2696e-19 8.67125e-22 1.36105e-21 6.31897e-19 7.25777e-19 -3.93785e-19 1.12415e-18 -2.31754e-21 3.92559e-23 4.56217e-20 -5.08493e-19 5.69306e-20 1.36455e-21 2.87268e-22 -3.97854e-19 1.82178e-24 8.89839e-26 1.31452e-24 7.99877e-31 -3.2589e-23 -1.46087e-20 5.87635e-24 2.7126e-23 5.08738e-23 -2.485e-24 -5.68417e-23 -2.84164e-23 -7.77599e-23 -9.40787e-20 -9.45225e-19 -4.48065e-20 9.60847e-19 7.03119e-19 6.16729e-19 -4.90382e-20 -7.77381e-21 -2.5397e-22 -1.15059e-18 3.79726e-18 -5.68679e-28 3.09738e-33 -8.31547e-28 -5.08539e-33 1.414e-24 6.33938e-26 6.67633e-25 1.49135e-24 6.64883e-24 6.52063e-25 -1.54413e-25 1.06501e-23 -7.0161e-25 -1.11374e-24 1.85151e-26 -6.69787e-29 -2.82639e-30 -6.30528e-27 9.2298e-27 -1.74639e-28 -3.65151e-31 1.23314e-32 -5.13759e-33 -1.73299e-31 -1.07133e-32 -8.11409e-35 9.12167e-25 1.95301e-20 1.02208e-21 2.45376e-18 1.40538e-23 3.21426e-33 1.91633e-33 6.30918e-28 6.5263e-11 -9.43706e-24
2e-05 2320.66 0.000253275 0.00016081 0.000257463 0.000625484 0.000265906 0.000933609 7.24991e-08 2.0409e-08 8.64017e-35 2.69088e-35 0.0040622 4.6306e-18 7.35045e-18 8.73985e-18 3.12437e-18 4.19441e-17 1.08199e-18 -1.02657e-14 -2.86942e-14 2.08214e-17 7.14271e-17 1.59035e-17 5.29479e-20 9.32916e-20 1.49553e-17 6.40991e-17 1.52385e-17 5.68893e-17 -1.17978e-18 -2.98057e-20 4.85471e-18 9.2598e-19 3.40278e-18 -1.16166e-18 -1.13204e-20 5.76541e-19 -6.54553e-22 1.85138e-24 -3.63107e-22 -2.09015e-28 1.7784e-20 2.52845e-18 3.48879e-23 -5.57734e-21 1.08369e-21 -1.16732e-21 -2.36436e-21 3.88698e-22 -4.14851e-21 -7.91733e-18 1.98854e-17 -5.37156e-19 2.4224e-17 1.78179e-17 1.40844e-17 1.6735e-17 -2.23442e-19 -7.12467e-21 1.39436e-17 1.30668e-16 -7.71003e-27 1.33301e-30 -1.94399e-26 -1.08986e-31 4.13702e-23 1.81547e-24 1.9241e-23 3.99942e-23 1.93927e-22 1.81129e-23 -7.00521e-24 2.96298e-22 -2.80541e-23 -4.78993e-23 5.19162e-25 -2.39227e-27 -7.02957e-29 -2.98634e-25 3.37422e-25 -4.70986e-27 -1.51675e-29 -3.74982e-31 -1.3374e-31 -4.52307e-30 -4.2761e-31 -1.5149e-33 2.45572e-23 5.30527e-19 -3.22268e-20 -1.69329e-16 -5.9534e-21 2.20666e-33 -4.91517e-32 1.42776e-26 6.39078e-11 4.80205e-21
